-1.598843127925553631e+02
-5.924257994738965749e+01
-5.004881356382745139e+01
-5.871346653921693814e+01
-2.012510385972221343e+02
-9.947774667792936043e+01
-7.642745015316185686e+01
-2.735682417214039788e+02
-1.386814720088484307e+02
-1.858989784866960235e+02
-2.382371792748045038e+02
-7.411634903405024488e+01
-1.421834098076663508e+02
-8.355473553201183279e+01
-6.901444504550539705e+01
-7.476555573415707556e+01
-1.330868581673462359e+02
-2.049502115192429414e+02
-2.431608656900573067e+02
-1.110610811157195030e+02
-1.343801302792224135e+02
-1.770461083056357552e+02
-1.270510050186772730e+02
-4.393050063500737679e+01
-2.092708441213450783e+02
-8.339300362733719396e+01
-2.028747104904924470e+02
-9.812567177921330597e+01
-1.337036992149067487e+02
-1.014985076889362574e+02
-1.272828284616753933e+02
-6.829410856967345467e+01
-1.298729375918356084e+02
-8.607881346393004662e+01
-8.464442314096636721e+01
-2.169479235972221431e+01
-1.687388484819049950e+02
-1.051785102834512884e+02
-8.145816850852241942e+01
-1.106212484850037043e+02
-8.291511776148767865e+01
-9.835118402921028746e+01
-1.469313318516392428e+02
-7.484346674731581572e+01
-1.004413370868233244e+02
-9.128383448402124145e+01
-5.190865045667577249e+01
-2.327795034383949542e+02
-6.190287940902950936e+01
-8.739265884955679553e+01
-6.829225783249052029e+01
-7.439840286934219193e+01
-6.102429380313061813e+01
-5.561935142786603592e+01
-1.451800069916374127e+02
2.306495380362505898e+00
-4.110663608213073417e+01
-6.109601412068663251e+01
-9.743720091390612481e+01
7.263259739337996734e+00
-1.190205245497188002e+01
-1.994863003828645276e+01
-1.340245400033918486e+02
-8.058991654729467768e+01
3.800348836129870733e+01
-3.992530210401355362e+01
8.292943848154509112e+01
-3.889354111243520862e+01
-7.580388020374032010e+01
2.035960154241693942e+01
-8.062962851274618004e+01
-5.017090949412632028e+01
7.366091135342674079e+01
2.612500249585775691e+02
-5.876903331901578298e+01
-5.146423694744886035e+01
-1.023052113615775767e+02
-6.512125771269778340e+01
-3.475347191707199102e+01
-2.641562960613152100e+01
-3.583048366636847959e+01
-8.671015002954138140e+01
-7.495454549999803362e+01
-7.081023111844314144e+01
-2.031787711083742565e+01
-4.839925876447581743e+01
-8.441962264738738497e+01
-1.128268990633878275e+02
-6.892715548213263332e+01
-3.215952952039108936e+01
-6.529909011494100923e+01
-1.377884275926006730e+01
-5.648571798348952910e+01
-6.073543473600206255e+01
2.223833094002202415e+00
-4.036556132386134266e+01
-4.947949678799903239e+01
-6.114875772834442103e+01
-7.177659126588085314e+01
-4.863924195513615700e+01
-3.515076959382142263e+01
-5.401889105122395307e+01
-8.941662163923311368e+01
-2.589545191734003993e+01
-8.602926584175024516e+01
-3.645436468314925804e+01
-7.120421689494270368e+01
2.388096405167562466e+02
-1.909004228573985218e+00
-6.390032343686814187e+01
-4.555556830158564452e+01
-4.195759297799566667e+01
-5.561822642677434203e+01
-1.958294441634258476e+01
-3.304453029801913289e+01
-5.780682169379117497e+00
-6.712354194870498247e+01
-7.970620031153572427e+01
-1.052573455572123784e+01
-1.376114844517501368e+01
-8.176972960391086787e+00
1.689702862001270844e+01
-6.990567084365123662e+01
-5.647169364029002736e+01
-3.952363827296839816e+01
-3.082701939720433515e+01
-2.780341585621534506e+01
-3.866121334160563094e+01
-3.847700817607342572e+01
-1.895946959198700199e+01
-2.496799493998493702e+01
-4.600055954365961952e+01
-2.194487756560140923e+01
-6.092463086203814271e+01
-6.629266664773571449e+01
-4.510968362982867852e+00
-6.662328550385844039e+01
-5.349742301006625667e+01
-5.445402009327933968e+01
-7.474954773432365585e+01
-1.022955107764334670e+01
-4.181641052239416467e+01
-1.459626130525847643e+01
-2.459481809802248975e+01
-1.683334573071862073e+00
-2.674608375170254604e+01
1.044472346232568682e+00
-3.237825995011546354e+01
-1.147010947731601505e+01
-2.735626746741965931e+01
-4.175344397504868965e+01
-5.519457906175501805e+00
-2.615959651445025713e+01
-4.982709891430312865e+01
-6.583715027365602168e+01
-7.579969292969364503e+00
1.194159486991818042e+01
-4.627065262505703203e+01
-1.224766923567723254e+01
-3.091675284496409759e+01
3.926656061821609534e+00
-3.218678731324823517e+00
-1.996230346484112417e+01
-1.522283526439302470e+01
-1.088305964304867146e+01
-8.313990075008203462e+01
-1.387298177919236863e+01
-2.365043334166042399e+01
-5.048338898584751178e+01
-3.620520301013692688e+01
-2.785842687475408042e+01
-5.734893665264338125e+01
-4.880503855047330575e+01
-3.720550891848711927e+01
-2.739448507067287153e+01
-3.287225806921183846e+01
8.855155251036830322e+00
-2.447654365546368282e+01
5.422357367305561837e+00
5.182959801115061715e+00
4.983870321454613617e+00
-2.260860740382513967e+01
-1.408255807316242425e+01
-3.843174123849049550e+01
1.781333630145013558e+00
-3.691257939667067944e+01
-3.286493045041886063e+01
-1.625322519624539552e+00
-2.373641831037049243e+01
-2.110760975687267305e+01
-5.802272793033822929e+00
-3.083621281518082924e+01
-1.906079938598261947e+01
-7.313760728980084025e+01
-3.181212499395799043e+01
6.761069556345717935e-01
2.755314850923992154e+01
-4.567036975566104218e+01
-2.129113720994288528e+01
-3.564852007202294004e+01
-9.178058527037354253e+00
-3.894961049701763756e+01
-1.968138999980095960e+01
-2.850175725318446851e+01
4.005919915083400173e-01
-3.072618227924725431e+01
-7.123945800209372692e+01
-5.170616732537903459e+01
2.445526152600025682e+01
5.972636664754382707e-02
-3.853594317544966685e+01
-1.469948940706717977e+01
-7.223131060294519123e+00
-5.773359323673643217e+01
2.053178478605676816e+01
-3.894546326046729234e+01
3.175757809846264657e+00
-7.434396878230559480e+01
-5.898373717701495877e+01
-3.237118159375191340e+01
-2.337320645317459977e+01
-5.454901657089457068e+00
-3.421973525485807954e+01
-2.403740169291455970e+02
-6.408859242047472549e+01
-6.518078682712351224e+01
-2.801100580713681154e+01
-7.089008226073491414e+01
-8.031304636484331638e+01
2.333637713651998524e+01
-2.731597050925860248e-01
1.767700183541169423e+01
2.227300923710559388e+01
2.282761309572845221e+01
-1.919767375009717369e+01
-8.312877633869248939e+00
2.937913338004853614e+01
8.654870223000443730e+00
1.666826262193238861e+01
-6.894123213585404031e+00
-2.570257928683919602e+01
-1.627458783026327893e+01
5.228175568855774280e+00
3.029622271809619249e+01
-6.620609492970568510e+01
3.660886127997887485e+00
1.587920469172516036e+01
-4.303409349237617221e+01
-2.178773836958038501e+01
-3.207655538127882977e+01
5.991224231969999536e+00
4.202776436930022186e+01
-7.860404824589357986e+01
2.346493634455251822e+02
3.335129595436736594e-02
-3.464253630066681211e+01
1.500348252111639624e+01
5.192582821595359555e+00
-3.513105928589945393e+01
-2.484609238599943026e+01
-1.164443361949175682e+01
3.205523735954248998e+00
9.449966887653310721e+00
-3.476638701739318549e+01
-4.134551937090051865e+01
6.531013349186470585e+00
-3.211822583321269065e+01
-1.532471537675067985e+01
-2.280590818196900926e+01
-1.967810981337082410e+01
2.268811060356197729e+01
-1.444690598310681828e+01
-3.976398680233565841e+01
-4.746221443104588644e+01
-1.063040003248563714e+01
9.721822585005174489e+00
-3.961723285232901759e+01
4.756136104599525538e+01
-3.682245342955416945e+00
-1.478418930013274668e+01
6.740464398218000142e+00
2.371922318805701480e+02
1.037871727204513839e+01
-1.859345739310156631e+01
2.231134579872607304e+01
-1.808331596562732457e+01
3.516787357580699158e+00
-2.022782187127070586e+01
1.367922770744880090e+01
-4.777417267640359455e+01
2.423319614512669489e+02
7.643578587471700381e+00
-3.868936910277487584e+01
-3.563052009611759274e+01
6.159021316500454812e-01
-2.447745085216617511e+01
2.224970336294280173e+02
1.943257246681014863e+02
1.759059294621712297e+02
1.630763108787492683e+02
-2.981094425153198557e+01
-3.800189407469970604e+01
5.902674273253006021e+01
5.199905232347277462e+01
2.904167626593285689e+01
1.863201109155628217e+02
2.477113196107073279e+01
-2.068655060226168629e+01
3.927871954258209541e+01
3.362186133894368822e+00
2.150357141544056105e+02
-3.990991879225309624e+00
-1.866299542144667001e+01
-9.878534776262183570e+00
-2.551594795750933287e+00
1.469942696576053436e+02
1.217146559585208720e+01
5.492548468279665741e+01
-9.000915394782076362e+00
4.127203968424993974e+01
2.235482468258529991e+02
2.356496794103148602e+02
3.860966573950954661e+00
-2.162269122096020979e+01
7.851742437150146081e+00
-2.827411160901537812e+01
1.543342410234075714e+02
1.425678817757091110e+02
2.679790375600798029e+02
2.210297101221543130e+02
2.054144202682317655e+02
2.239427664014116033e+02
2.336464552417056382e+02
2.181221764369942662e+02
2.278682220323384229e+02
2.516207079257730186e+02
9.682071044066761090e+01
9.264567973501750942e+01
2.551409227746408135e+02
1.755034035594864577e+02
2.718851900884717452e+02
2.275441562598000473e+02
2.276179712096052299e+02
2.090908318542594202e+02
2.271807363534515218e+02
1.900215793816954601e+02
2.626445327011720110e+02
1.960691387284036864e+02
9.790923558438734631e+00
2.012184356413917783e+02
2.339503766943068399e+02
1.808115091069100231e+02
2.816009279129291372e+02
6.144965486558048440e+01
-3.885912960306959008e+01
1.931591867634482469e+02
2.422486306635245796e+02
2.259449494299970524e+02
3.469809716200514771e+01
3.337543881554653780e+01
2.711710470589279964e+01
2.298547768633910380e+02
1.679128651945392221e+02
5.514735838586702954e+01
2.130776809906708422e+02
2.724420457716797728e+02
2.042742802153384218e+02
-3.709894801759079996e+01
-3.212342059179396614e+01
-2.847271938599842400e+01
1.345735873460101928e+01
2.379843675151367961e+02
5.867980818479530569e+01
2.696465956301503866e+02
1.521585923740944395e+02
-5.965320834621176793e+00
2.749148668888356042e+02
-1.810522532177839317e+00
-6.754770613800481271e+01
-4.912484736088703841e+01
1.127769110208655112e+00
2.197225321577029433e+02
2.371545694652733118e+02
2.075087880248281635e+02
2.226706140215433720e+02
1.981623523733178445e+02
-1.042437114505966100e+01
-6.721139252324429947e+01
-2.779367873686397772e+01
2.445475636940350750e+00
-2.160304060003368321e+01
2.482560672082465487e+02
1.132787507857997689e+01
2.742244161874086927e+01
-1.107491679676793872e+01
-1.227696506438269175e+01
-1.105838417235377236e+01
-1.251181895853024884e+01
9.281736013202191771e+00
1.496682507589541160e+02
1.888104867299805107e+02
-1.890518226634641863e+01
-1.191478153366060155e+01
2.288234204696049119e+02
1.108975176254099360e+01
1.855368211044863642e+02
1.997810494925569742e+02
2.148402205289088158e+02
-1.396113339546704468e+00
5.531426419828951424e+01
8.845750602526132766e+00
2.053851745777162137e+02
2.680295849455171719e+02
2.261899526429434673e+02
1.555961483240354823e+02
2.508603316933147198e+01
2.210237619002083989e+02
3.944965742781896267e+01
2.822313199766514913e+01
2.378152509923610864e+02
2.200554759913812006e+02
2.332273087426145821e+02
2.047875545735785465e+02
9.775586524546849176e+00
1.765672155500063809e+02
2.404638865787498787e+02
2.002333611979710497e+02
2.158292503961242517e+02
2.179027105788478025e+02
2.380961716217460378e+02
2.302841121486089264e+02
2.657505336359712445e+01
2.338796515116673049e+02
2.896763275281065830e+02
2.045266992850970951e+02
1.982032534667668244e+02
4.906646161949981888e+01
2.370687578634279760e+02
-4.379743182849769312e+01
1.030469003027933184e+02
2.583829904410574159e+02
1.771605161414641998e+02
-4.197236164398488256e+01
1.830596132228604915e+02
1.877582191487454395e+02
2.290786904843972707e+02
6.322136866234441044e+01
1.011392454597802697e+02
2.852766505154620447e+01
-1.268685742514472992e+01
2.130184490583279739e+02
1.033807484083759789e+02
2.456545340085297653e+02
2.716963415603809153e+02
2.326241633740057750e+02
1.899516761232704880e+02
2.114204093107876758e+02
2.101252332736665664e+02
2.373935259628324559e+02
2.303971382140403534e+02
2.144323186937798482e+02
6.544931720953947263e+01
2.211777832529482168e+02
2.413623051423961670e+02
1.877104449474768444e+02
1.354093001756971830e+02
2.183918716881593411e+02
2.905362118172653751e+01
-2.287557418176984569e+01
-2.466613148852180259e+01
1.975247431942898118e+02
-5.275294768869709117e+01
2.014602281354907802e+02
2.404915890815131263e+02
1.876070041694387101e+02
2.322914777702719675e+02
2.101292255683307530e+02
-1.934828324471285654e+01
2.754694766854561294e+02
2.431532620419874320e+02
2.234999878141940997e+02
2.164077144571760982e+02
9.695654421930349542e+01
2.134999524595681351e+02
2.553859823135402110e+02
2.426590162075065393e+02
2.901509194896748909e+02
-8.753152302718750377e+01
1.272344499073677468e+02
2.348277863087726303e+02
2.825512980136555825e+02
2.706605313641637167e+02
2.587683244221873338e+02
-4.683410650820192700e+01
1.671427852921382566e+02
2.519938279135880634e+02
-2.902223696718037615e+01
2.673329332520085018e+02
2.128246071031120437e+02
2.218788829083211169e+02
4.725052314650923790e+00
1.493577470567330465e+02
1.219586834616145268e+02
1.955311025574451378e+02
2.307376333341367456e+02
1.950010611746370728e+02
2.089147929505386401e+02
1.801615535849638832e+02
2.220606440175063199e+02
-2.331226652343515227e+00
2.224642357543933713e+02
2.765417838805416295e+02
1.855039842004757134e+02
-4.403711797778893100e+01
2.394037372002523512e+02
-8.556771126060563404e+01
-4.592942791788676971e+01
-2.055890627653573688e+01
2.228030953020693801e+02
2.260093435322585549e+02
2.101439110701637105e+02
2.067402482552884635e+02
2.470671947343861632e+02
7.776032768451544541e+01
1.177855891711720204e+02
2.031528381073847243e+02
2.664620681055905038e+02
-5.167977162369871991e+01
-4.035302293440439314e+01
-2.693191387397813230e+01
-5.523988857912048900e+01
8.321932214490448398e-01
1.507092262683816841e+02
-1.163165923433961524e+00
-9.165191976256110706e+00
2.310377095767577487e+02
2.815172740150132995e+02
-1.216155086796095830e+01
1.854859440082230151e+02
2.674357482606952630e+01
2.875604770796999219e+02
-1.304682379715799634e+01
1.922658571333145687e+02
2.018861852762506714e+02
2.247287354285996344e+02
1.950355312338413682e+02
1.872605261218228634e+02
-4.687961065136654071e+01
2.133626258549299450e+02
2.236836748364872278e+02
2.192862983443912981e+02
2.313721552397074674e+02
2.308137277533725182e+02
2.651122395642540823e+02
2.055255967252211349e+02
2.154863306093348285e+02
2.129375257704007822e+02
2.588241449724342829e+02
2.532529148218391697e+02
1.974242287276625802e+02
2.455445433347123583e+02
2.336800978259666692e+02
2.342528387633053910e+02
2.601088810692142488e+02
2.303261569679190188e+02
2.192790431159736215e+02
2.721347916028005329e+02
2.043570937021838176e+02
1.980989173396995966e+02
6.842826831884073613e+01
2.214202271519011447e+02
1.739169782961609201e+02
7.048318582078982786e+01
8.320141884583867409e+01
1.353536271914469751e+02
2.475775044689346203e+02
2.645047060901727605e+02
2.482324952841059087e+02
2.326148796824083149e+02
1.800226916160572443e+02
2.210358368225846561e+02
2.645496444782049821e+02
-1.679179759147407935e+01
2.503643944572960436e+02
2.535548213030007219e+02
2.430569886372545625e+02
2.517494171015261202e+02
2.831388172175413729e+02
1.991987487623518973e+02
1.628564543471816251e+02
2.079348178085332393e+02
2.590799915339144945e+02
2.378904343179754051e+02
2.020789253611362426e+02
2.428250245016695317e+02
2.383747365254063482e+02
