-1.504554273783785163e+02
-3.401697797638565248e+02
-1.401304189391242403e+02
-1.242395842965553925e+02
-2.185210668044460363e+02
-1.113354476414429541e+02
-2.168461829921171500e+02
-3.843076112522633991e+01
-1.515244310057324810e+02
-2.349979178410212057e+02
-2.307863212008910807e+02
-8.283538399319719758e+01
-1.882482854446357408e+02
-6.606256065995030724e+01
-8.932437693135148038e+01
-1.789944693180733566e+02
-6.288776625806412568e+01
-1.299218537890041034e+02
-1.102536607552918753e+02
-6.430230571359091130e+01
-1.684255602266954384e+02
-2.900703451319747046e+02
-2.341037273980801956e+02
-1.242238167037243528e+02
-1.047439250442108545e+02
-3.487133776644498084e+01
-3.657093474795673842e+02
-7.993124729357808178e+01
-2.570677391555653912e+01
-6.631322179222543411e+01
-6.088381505653059378e+01
-7.910144401056788865e+01
-2.802014458874621710e+02
-5.044990055973887877e+01
2.415883534088238704e+01
-2.042345209814281191e+02
1.179131270528135076e+02
-1.685300888216317503e+02
2.839592445570491464e+01
-4.822703376275997300e+01
-7.704312310309792622e+01
-6.070943297354233437e+00
2.279174386827564547e+02
-1.670375330458227836e+01
-1.234505799561050310e+02
2.641045022619632618e+02
-1.130975859574423765e+02
-9.864116225000647376e+01
-5.617388814006402242e+01
-8.632141487811072977e+01
-1.309734567274157655e+02
-1.171939517125727406e+02
-8.750829970296261706e+01
-1.004290705556019105e+02
-4.540575271281258551e+01
-5.585005842842021906e+01
-9.005591230525659796e+01
-1.306763568655280494e+02
-6.749437703810184530e+01
-5.872533707306097739e+01
-4.270666489057168747e+01
-1.042098315117122524e+02
-3.857297498550157400e+01
-5.038024124656056557e+01
-7.925260354403440033e+01
-9.476705535213491771e+01
-2.206129558659494805e+01
-1.370718020018320615e+01
-1.179973172223463251e+02
-1.046062004685995674e+02
-8.556597248930307842e+01
-1.026552134287665581e+02
-1.192382943656034087e+02
-1.194324262203429896e+02
-4.417054606768177649e+01
-7.814778376251975089e+01
-1.365222828515771312e+02
-8.724166431712428960e+01
-1.040597849928926735e+02
-1.229849722046568417e+02
-2.706926887880231902e+01
-2.532185829245381115e+01
-1.082948538639016647e+02
-1.446306647386292923e+02
-1.396031207584358356e+02
-2.013092619135022403e+02
-1.399164482156914744e+02
-1.617942974407975498e+02
-8.147554146515128082e+01
-1.194765808060963650e+02
-1.310491150214515415e+02
-1.166165600268052174e+02
-1.343768720899805089e+02
-7.864344609198751357e+01
-1.566214587410954096e+02
-1.295097502574540442e+02
-1.340277358022526926e+02
-2.039524576936326525e+02
-1.561913332430767412e+02
-1.700575014253266772e+02
-4.400799114808881285e+01
-5.301642152396978958e+01
-4.359248319472784772e+01
-5.040447116915594705e+01
-6.401060174823187765e+01
-8.868561117749658251e+01
-8.887419752433525844e+01
-1.278314640462018872e+02
-5.794684869696861540e+01
-5.297932310812707613e+01
-4.648250460574386267e+01
-6.228321251567430039e+01
-8.538677311927430935e+01
-2.968679123733931391e+00
-7.493891462198250508e+01
-4.139445417830587814e+01
-4.680060008555960138e+01
-1.944286220559743938e+01
-1.412368429347389309e+01
-1.378647899627415185e+01
3.360873716444632286e+00
-1.047242475376579884e+00
-2.742207328030164604e+01
-3.355962029334462216e+01
-3.333165923736142133e+01
-3.848033283878458377e+01
-4.844102862424983869e+01
-5.839130925450060516e+01
-2.404114593794193411e+01
-4.693034519527580528e+01
-2.204001922536663471e+01
-1.576350198086251453e+01
-1.954882132561035846e+01
-5.023110676401391572e+01
-4.045528236432198810e+01
-3.788264512686716756e+01
-1.988142467865882779e+01
-2.046775608971878313e+01
-2.838120972615782023e+01
-4.362508512921074555e+01
1.751362267778056037e+01
-2.011911743055603097e+01
9.071689179508732881e-01
-4.295289773895055419e+01
-2.844208363733415013e+01
-3.427323913001441014e+00
2.589084282146295664e+02
-3.168987743528922962e+01
-1.108330332500611703e+01
-9.543489320142139576e+00
-1.404541180718432436e+01
4.818994734236986766e+00
-2.297274641220838731e+01
2.347551963959900689e+01
-6.525165749069448573e+00
-9.092046669050870555e-01
6.031628230988500761e+00
-3.427332228360759814e+01
-1.509992290776940749e+00
-2.018264920666259954e+01
1.697273977572632759e+02
-2.965074295770994683e-01
-2.353904898755441621e+01
1.719674436789574088e+02
1.834180701030252081e+01
2.595875827809061889e+02
2.409338829189222153e+01
2.703183790838569394e+02
2.732312486150317454e+02
2.288870874381863985e+02
2.199004874502710720e+02
2.184926587962261806e+02
2.319019794216159198e+02
1.903260389049150092e+02
2.081118677269115267e+02
2.276708700153054679e+02
2.974180365110900226e+01
2.048747217500555848e+02
2.672513233095252758e+02
2.137589109570324126e+02
1.125269175878476773e+02
2.521954544185447844e+02
1.699431650538308247e+02
2.483344357030116498e+02
2.980183899666117782e+02
2.328609816218867081e+02
2.621720667500003970e+02
2.146442568530273434e+02
2.549521080402186328e+02
2.421517179054752944e+02
2.404168387751319358e+02
2.468498527416896593e+02
2.765900061803509402e+02
2.293787207240038128e+02
2.026284554012681838e+02
1.907440839246305586e+00
2.600764986293092988e+02
2.783865755191166045e+02
2.145705653184774633e+02
2.543218870420680844e+02
2.451978006198933144e+02
2.051381477618930091e+02
2.316434195478856850e+02
2.508325948364623059e+02
2.565621309349389776e+02
1.979100707723600294e+02
1.772480965405017628e+02
1.442825598884228384e+02
2.167368048525896711e+02
-6.269732377099128229e+01
2.549398560875231396e+02
2.430887364469139982e+02
2.111364249251930119e+02
2.286624340934124859e+02
8.984991397507999977e+01
-6.712056651994373624e+00
2.370180445717294333e+02
2.347584253487222554e+02
1.941819071154181700e+02
2.522014190731336498e+02
-1.631727367830650266e+01
2.368272648088963876e+02
2.238868908263403341e+02
7.536216305581106667e+01
5.749358074832895227e+01
2.380395931513544667e+02
1.713940296259374918e+02
1.788222415000047363e+02
2.538260651060687678e+02
2.232720822805152920e+02
-2.363415345725824235e+00
2.258615469228689108e+02
2.290709342000675690e+02
2.228868912944940348e+02
2.480236261959305466e+02
2.277136274383965144e+02
2.287680736623087512e+02
2.364999568094337974e+02
2.200715538400987725e+02
1.977071165617172426e+02
2.494598025360388363e+02
2.611582045522457065e+02
2.562118251184052156e+02
2.264319393156360718e+02
3.242333160328441721e+01
-1.197735114423637270e+01
2.019763729472772411e+02
5.598840743143711052e+01
-3.577620064466537286e+01
1.985336675629900185e+02
1.485005108316903488e+02
1.884801876741847693e+01
-2.146101918366293493e+00
-1.659536638447088208e+01
9.145572163284109024e+01
-1.565075956943419655e+01
2.154058626665142242e+02
-1.013143264561369783e+01
1.429750985768039584e+02
-1.227392134466564677e+01
-5.193524905923855783e+01
2.151103371704096503e+02
1.757428203089937426e+02
2.624262387068008024e+02
8.744670417742914026e+01
1.739238742463424501e+02
2.331893224504690920e+02
1.607805758951450343e+02
2.218578747531307158e+02
1.534974817742055677e+02
1.699261739253138330e+02
1.711347333050737802e+02
6.466537355679064092e+01
2.272198730638060624e+02
1.036780379117624733e+02
2.174182210148529748e+02
2.562295489750409843e+02
2.436489527202948295e+02
2.255238501662686303e+02
2.118012549611683539e+02
2.586682851072423546e+02
2.205352003077460665e+02
2.384219835754023791e+02
2.527209128678122738e+02
2.288528685566551246e+02
2.330427468529480848e+02
1.829346725337989596e+02
2.442616915114338951e+02
1.828951081498055942e+02
-1.860851866783784558e+00
2.208800809619308438e+02
2.861738057963317488e+02
1.985315231018359157e+02
2.699855676943950584e+02
2.540231171044837595e+02
2.605613409249364736e+02
2.665681159513754892e+02
2.392772518424178827e+02
1.372438496143341524e+02
2.229229007977404251e+02
-2.105788963493845500e+01
2.728709124553105312e+02
1.534373061521454815e+02
2.704144173456247700e+02
2.193664837173121498e+02
2.843489755862508446e+02
2.394621514534075857e+02
2.265546897392578387e+02
6.642624478478900585e+01
2.311851343966009438e+02
2.257091408016344474e+02
1.958573755342671348e+02
2.113198241861717577e+02
2.046566662269600556e+02
2.396432808934489174e+02
9.184174526835244023e+01
2.522789857634271300e+02
2.284813993451875263e+02
2.140972999501911431e+02
2.153610451814844566e+02
1.775409142644392375e+02
2.220141168355338550e+02
2.167075017377562176e+02
2.312889160671151387e+02
1.749694320405943131e+02
1.955919650584210956e+02
2.063403848851139060e+02
8.756362559864135164e+01
2.618288504967578092e+02
9.100972146227951498e+01
2.221537119835854242e+02
2.208404439247039761e+02
2.462020600732987816e+02
1.672658060536687117e+02
2.414993528221752968e+02
1.969079545285695474e+02
2.288268667158359335e+02
2.556390686667259899e+02
2.186384809480903186e+02
2.520230361148046825e+02
1.979383986663829944e+02
9.019919153101611187e+01
2.500180370656092919e+02
2.066032791402548696e+02
2.214743731414406227e+02
2.233501588326503793e+02
1.307893935066055633e+02
2.663131234908810256e+02
2.304754052391116090e+02
2.309188043596307693e+02
2.060088374080376639e+02
2.449132758105725998e+02
3.200524430889628746e+01
1.391450964119169669e+02
2.527027949936117750e+02
-2.940282513088971150e+00
2.247246270569753221e+02
-5.134472385339452494e+00
-3.332430261829871654e+01
2.655003708609845035e+02
2.095649495018475363e+02
2.646910134258885137e+02
2.645434605950490550e+02
2.800486211365114286e+02
2.532623559271432043e+02
2.366681321783190981e+02
2.489596278687809559e+02
2.084255079576744834e+02
1.890761684140035470e+02
2.336329804425363648e+02
2.338657433582483804e+02
-5.595819897983182045e+01
2.539343783920357112e+01
1.264833850594628188e+02
1.979276243245905675e+02
2.682735297366571103e+02
1.481106977229657673e+02
2.343172826256860048e+02
1.516053225865116474e+02
2.111663316988457098e+02
2.461007851830407276e+02
2.450345111576361603e+02
2.178348878673683089e+02
2.252351004727899522e+02
2.562153666215266412e+02
2.495583547091283094e+02
2.709618578729838418e+02
2.480754051764849635e+02
2.385114032562723025e+02
2.122907264621205172e+02
5.627697567934581713e+01
2.762786720241675766e+02
2.260276762480086461e+02
2.646834138667509251e+02
2.228518655778575805e+02
2.480442002680402140e+02
-2.936564189630658461e+01
2.248621786498169115e+02
1.682854484921454628e+02
2.034041238966334504e+02
2.409264209199616005e+02
1.721272502020582067e+02
2.255556528511415308e+02
2.373371693384010825e+02
2.210087345935464782e+02
2.754362203354978647e+02
2.704987510869017342e+02
2.110433256835804059e+02
2.265211179495519502e+02
1.894457714511647737e+02
2.738840945385358054e+02
2.514113718484892672e+02
2.209416366759978416e+02
2.707579139795191381e+01
2.323315839868338628e+02
3.083963113623379968e+02
2.752811403275010207e+02
9.870767576864102466e+01
2.551709065965926015e+02
2.100291448406790664e+02
2.036645005951390885e+02
2.507649607999896944e+02
1.852810517720346297e+02
2.589093474063300278e+02
2.469485869835889957e+02
1.279505589757809787e+02
2.771855593229971646e+02
2.584631052271305975e+02
2.821709915387043566e+02
2.907528091912952277e+02
2.570424079959543633e+02
2.666724064157593830e+02
2.477152978031828070e+02
2.650303761729561529e+02
2.784794986252478566e+02
2.577393827741809105e+02
2.760133778983208686e+02
2.299175856446246371e+02
1.026067922953612594e+02
1.234710799340006417e+02
2.529349149146068498e+02
2.030986553788775950e+02
1.877124141547181182e+02
2.550355223919285663e+02
-3.144887613061652587e+01
2.453179013944168787e+02
2.131782921433898537e+02
2.175425147045409631e+02
2.404804945105966851e+02
2.499114934862412269e+02
1.307799294939854349e+02
2.264181879413103218e+02
2.454586299852995239e+02
2.440268602828339510e+02
1.948624701433304267e+02
2.774904018877576846e+02
2.147779505345876601e+02
2.570886953336034821e+02
2.484426435723777615e+02
2.680929843139254558e+02
2.395287377771074375e+02
2.846481304374017327e+02
2.553500970452183481e+02
2.787399599544572197e+02
2.335202189889347437e+02
4.933905754063695781e+01
2.840926557766221094e+02
2.927281813707007814e+02
3.003617515577276436e+02
2.366492401528804521e+02
2.527904436543831537e+02
3.561249336813457944e+01
2.455275980384960803e+02
2.856432150612928353e+02
2.672602990598771839e+02
2.574044697961887778e+02
1.964803984656606417e+01
2.840075731406700470e+02
2.568092480337854226e+02
2.648549282539734122e+02
4.839679093462049764e+01
2.672976940206714289e+02
2.762487228240821082e+02
2.488927832214610305e+02
2.867811140967896790e+02
2.466656743386570270e+02
2.309585107685746266e+02
2.285031565200830812e+02
2.508102951528255460e+02
2.614038648799895554e+02
2.363325892435516664e+02
3.047302444242309889e+02
2.829444334079491910e+02
2.656872050384043860e+02
2.598499744604731632e+02
2.562324652524505950e+02
2.526763051951787986e+02
-2.912434700390335252e+00
-6.413766902590424479e+00
2.683314325091311048e+02
2.841231819144526298e+02
2.726715611477021071e+02
2.647726957193103203e+02
2.489958049313588901e+02
2.711184400824465683e+02
2.779263143981065127e+02
2.665518762448849657e+02
2.728923994960755977e+02
2.519737977743655222e+02
2.017607811283670003e+02
1.151430124784601503e+02
2.762774401796482380e+02
2.001400922278527901e+02
2.189031080894872332e+02
2.483305538728392321e+02
2.244703099755926132e+02
2.691267826020657594e+02
2.688831256102280918e+02
2.434239844401672599e+02
2.334943081287752591e+02
2.586593873804082477e+02
6.268321575286671532e+01
2.583695987364737334e+02
2.628866725114892233e+02
2.682706747347699547e+02
1.573141363150462269e+02
1.569169623719907349e+02
2.462058795243400198e+02
2.841086191222562434e+02
2.767716665091373898e+02
2.319961894919600525e+02
2.747258452907524884e+02
2.873208224246312739e+02
2.626214878558039345e+02
2.780378248101006875e+02
2.437648561645779068e+02
2.395156032957212915e+02
2.504972529814076836e+02
1.394262466016863868e+02
2.886371423498767399e+02
2.306082648147819327e+02
2.231479119810626344e+02
1.630823491452370604e+02
1.657998465534949446e+02
2.544596676294200108e+02
2.232803034027944022e+02
2.494791491336793001e+02
2.658416458650601726e+02
2.728855195387259300e+02
2.161515594322867173e+02
7.834689143660773425e+01
1.891444709094386099e+02
2.459288237402299444e+02
2.481592602427658392e+02
1.205537387578269204e+02
2.248849900209245902e+02
2.081767224228827899e+02
1.115856534406177758e+02
1.976115496561244242e+02
2.715817171962817156e+02
1.603653683164328640e+02
2.402525867799839148e+02
2.622507352250686381e+02
-9.909103627966970862e-01
2.692563540618014031e+02
2.646750641541070763e+02
2.605315951918818769e+02
2.409406952471640295e+02
2.345201082031280748e+02
1.902526379495794515e+02
2.683646768152577806e+02
1.547025535523183351e+02
2.593548071213231196e+02
2.606201347970354618e+02
5.138073680199534010e+01
2.647216529734365622e+02
2.149394682695051131e+02
2.628105814367430071e+02
2.684955580889979956e+02
2.565401790243358278e+02
2.385298001297139763e+02
2.504650110406098520e+02
2.299097143336131523e+02
2.489544069901880619e+02
1.276400575801131936e+02
2.384129160833710444e+02
2.297014705244652077e+02
2.764675016931558957e+02
2.291978673389102141e+02
1.913356079223109703e+02
2.339759749217652143e+02
1.971000859281768101e+02
-1.281574531483120438e+01
2.664028390028084914e+02
1.927687972721178937e+02
2.648804406283694561e+02
2.425780079947037962e+02
2.715538575040405362e+02
2.623095377360323823e+02
6.618984875577680782e+00
2.521409142007709079e+02
2.435953024158988569e+02
2.513266427179241873e+02
2.667889136299928055e+02
2.551376717723228467e+02
1.160134094819596271e+02
2.459728719887949069e+02
2.187614702468734436e+02
1.013701074586656148e+02
2.549061396993529911e+02
2.703466061928028239e+02
2.786537532493372282e+02
3.034311229725862518e+02
2.697693413511029803e+02
2.426007372795671699e+02
2.750241438310880540e+02
2.849806505640449359e+02
2.447358473416547611e+02
2.691779840320957646e+02
2.920534130892049234e+02
2.674098056231637202e+02
2.486180926540563405e+02
2.306392691692350638e+02
2.839131460791103905e+02
2.725313898364454985e+02
2.633653126962160513e+02
2.638673895863944381e+02
2.384288429016904161e+02
2.415030186172758135e+02
2.189532924105445204e+02
2.970730192222112578e+02
2.639997366782695849e+02
2.316846931915516734e+02
2.492223882766619454e+02
2.327949353358886810e+02
2.442804916652807492e+02
2.099591906471984544e+02
2.517726583814057051e+02
2.511271260603325004e+02
2.544488260548692438e+02
2.869083134242159190e+02
2.607581676249608904e+02
2.233663682416393215e+02
2.793288244300032943e+02
3.054663854356282400e+02
2.580239184109658481e+02
2.486957102226542418e+02
2.575990041370281460e+02
2.389147863684224831e+02
2.420980881975380328e+02
2.557914005877860006e+02
2.753549845075419853e+02
2.579190585769010227e+02
2.641855255735986248e+02
2.457518689303411747e+02
2.400943046854000613e+02
1.364966679987379905e+02
2.505558133997797938e+02
2.769423602445744450e+02
2.755951006287561995e+02
2.520186856071117631e+02
2.597976491074912815e+02
2.306088461776292320e+02
2.633992313258680724e+02
2.618340332508836923e+02
2.386393028278220072e+02
2.901342115587920603e+02
5.130236281599474069e+01
-1.368045386412048003e+01
2.965905882839792298e+02
2.480705471466284848e+02
2.756610603460265452e+02
2.660909445609572685e+02
2.916441493217953393e+02
2.770376827855480997e+02
2.585702233859208263e+02
2.689197949704367261e+02
2.518593771114649087e+02
2.617409907148498291e+02
1.860976636783040590e+02
2.543748444548950260e+02
2.692460908303283986e+02
3.002128165089555978e+01
2.693954663129170513e+02
2.899249610134555724e+02
3.128558734522420082e+02
2.669135639699295552e+02
2.462973956582563915e+02
2.831756022400369375e+02
1.597457474551208350e+02
2.722565649236861418e+02
2.548063737063272924e+02
2.290738385875315544e+02
2.093238801071218234e+02
2.567825264044868732e+02
2.599851068256689359e+02
2.198990832030025331e+02
1.509906402267351666e+02
2.178910353527234633e+02
1.815387551556558492e+02
2.692863622962731824e+02
2.649311707211275007e+02
2.409496390689112104e+02
2.493039348882679462e+02
2.278523515676177453e+02
2.664551693785098223e+02
2.849143128350168013e+02
2.828947115413362212e+02
1.090521490885123512e+02
1.281751617739873268e+02
2.301842702684435835e+02
2.600296670711329057e+02
2.892017920561190181e+02
2.478402660353855822e+02
2.860397948014840495e+02
2.604890569226982961e+02
2.119944670017705164e+02
2.555238883010590598e+02
-2.578094760530132135e+01
2.653169625793722162e+02
2.663842147064442543e+02
4.142380594765896262e+01
2.205980625608224273e+02
2.805490269503906120e+02
2.589052871943612217e+02
2.795926603958887995e+02
2.475807373241035521e+02
2.918381211878205477e+02
2.456995447590777246e+02
2.601417608108366153e+02
2.605819043894310312e+02
2.979517107127022086e+02
3.550336102880584122e+01
2.865266171627775407e+02
3.298373066999985781e+01
2.869554664169194211e+02
2.297790410616902932e+02
2.692176187464890518e+02
2.484145635623858084e+02
2.683706562057981273e+02
3.397239662538331118e+01
2.816195715528825758e+02
2.551007926548650175e+02
2.689718978371594176e+02
1.999573760688593893e+02
2.700463488944859591e+02
2.954361775351094934e+02
2.394211183339367892e+02
2.596395249843426427e+02
2.195591835421625149e+02
2.869551363769380714e+02
2.879422740969532128e+02
2.718568217780162968e+02
2.607585209591937883e+02
2.492333911698063957e+02
2.682490952759405900e+02
2.690381756899499806e+02
3.012745132104349182e+02
2.482754064075636791e+02
2.778088726397875234e+02
1.672904221459917551e+01
1.242782593192381739e+02
2.114717516181059693e+02
2.476659751070556865e+02
2.841066856936587328e+02
2.573544597957393307e+02
3.018946566289603197e+02
3.224377324822319224e+01
2.538173156557958521e+02
2.491369791457402414e+02
2.186947076725244870e+02
1.050943857526987841e+02
2.590330435775324531e+02
2.297556501529807065e+02
2.604042963759843587e+02
2.239032970621124434e+02
2.418139543597960710e+02
2.221959361714062879e+02
2.535028648161742240e+02
2.374593776090438269e+02
2.778795731627513987e+02
2.602492584181071607e+02
2.808426206544535262e+02
2.373639459821229138e+02
-1.684879775872769159e+01
2.695495479713766827e+02
2.281499105074463216e+02
1.062773999252002142e+02
9.956815499639586164e+01
2.813187475851327690e+02
2.608224640412306599e+02
2.828649128298492883e+02
2.545715931287075477e+02
2.624322915772169722e+02
2.461443528140330272e+02
2.947662933384572170e+02
-1.251351757633347539e+01
2.731344828004316696e+02
2.217831052547450668e+02
1.242877041463145815e+02
2.265380975004642892e+02
2.135779160624830979e+02
1.477252329824310095e+02
1.890639437691037870e+02
-1.951307454557966636e+01
2.152337158719191734e+02
2.554238150101570000e+02
2.208884829326608781e+02
1.990946043457257701e+02
1.853480762050556336e+02
2.403655446670622098e+02
2.395866272333097129e+02
3.044351909749951233e+02
2.588799076876071013e+02
2.813559878245732762e+02
2.382278285565779470e+02
2.719530655280093470e+02
3.128249846384394459e+02
2.807486001035340450e+01
2.706531801978396743e+02
