-2.084861595688944362e+02
-1.153655570769039684e+02
-3.946792776495782960e+02
-6.822159389241875260e+01
-1.449053930627754880e+02
-4.112435125470415755e+02
-1.322884003878851900e+02
-1.111916332990417544e+02
-1.107786174772630829e+02
-1.222493343208673906e+02
-6.627403559100449115e+01
-1.573189117237506593e+02
-3.592877640159969133e+01
-9.626728900799176358e+01
-9.232596837393718658e+01
-2.782474775154226450e+02
-1.562152621364004119e+02
-9.548249028803603267e+01
-7.023511609230538966e+01
-1.412847807301496346e+02
-2.872013216078823916e+01
-1.464584411734388993e+02
-1.624772719778602266e+02
-8.823974986453126235e+01
-7.052282750394799393e+01
-1.368366796053591656e+02
-1.550358989084754455e+02
-3.050312711053929888e+02
-4.022416877599629004e+01
-1.068409753863097791e+02
-1.879311089281812315e+02
-9.378598047020183515e+01
-2.628369057787095642e+01
-3.077180051763984636e+01
-8.118558271886644206e+01
-1.394365783013034275e+02
-1.137817308749972227e+02
-1.168422265180019508e+02
-6.634825079160647476e+01
-2.389210834259441185e+01
-7.581536624080969489e+01
-7.130435197421350324e+01
-9.669784717137700625e+01
-6.877542996478484838e+01
-3.347555585220990793e+01
-5.548775707501903298e+01
-5.645880942636591726e+01
-9.956678961045085430e+01
-3.820803457059442110e+01
-4.803781144455015806e+00
-1.964196012331825614e+01
-6.891258387792697704e+01
-7.695848463963439201e+01
-2.356374945298433943e+01
-5.445815485170974171e+02
-4.629284013316714663e+02
-1.810526205185924198e+01
-8.412694425049027203e+00
-2.437787063395034579e+02
-1.714872239427622276e+02
2.376345715243906298e+01
5.295275790652708992e+01
2.522597086365689734e+01
-1.259052144393299422e+01
5.793027121531976320e+01
-1.732297152353548029e+02
-5.854390896036370862e+01
-2.716876502817463006e+02
-3.132678579431736807e+02
-1.847430851912860703e+02
2.974494286176711100e+01
6.113128598294537852e+01
-9.290675384601504661e+00
-1.588778778069354303e+00
-8.094926672379995125e+01
-1.490961033788467489e+02
2.518528936327187751e+01
1.189836484967600505e+01
2.596715902710806034e+01
-1.680699196913385549e+02
-2.640959217544157767e+01
-8.450986458097122522e+01
-9.528050506434298939e+01
-2.215098960016094765e+01
-2.305698828770118780e+01
-3.410654245354051284e+01
-5.718227077665307689e+01
2.097822968471578520e+01
-2.815167668324474803e+01
-8.465633821071351406e+01
-1.990712239771580698e+02
-4.810898338707411881e+01
-1.154540937099500582e+02
2.782936716498335628e+01
-2.154850444589171730e+02
3.479213227655582585e+01
-6.625312165512852403e+01
-1.414267439912795510e+02
3.914125245892085303e+01
2.703400177175710724e+02
1.019217204973159818e+00
-1.397886252732822641e+02
-1.706207045259032498e+02
-1.213610950345820783e+01
2.536737771649669071e+02
9.083616163167249624e+00
-1.766543144510366403e+01
-1.996423176485928366e+02
-9.212510205097254357e+01
-2.632760796297825223e+01
-3.701862482754627592e+01
1.791206415996164765e+02
2.784615572027416874e+01
-3.077645729044897749e+00
1.495494663445031680e+00
2.222394875549842368e+02
3.332861518081458030e+01
2.802856742001231396e+02
5.772993180591015516e+01
1.895911953467587523e+02
-4.602219210267455196e+01
-5.357924400855991820e+01
2.786011021703693302e+01
2.354991096896594058e+02
-5.664706585479000722e+01
-8.203668066557069949e+01
2.320382892812845057e+02
2.492611646488103077e+02
2.034582319919210533e+02
5.503796039056865652e+01
2.521701618303293628e+02
-2.533135990271936180e+02
2.449230013127518362e+02
-1.613883562453441414e+02
2.066988916535662781e+02
1.719238214767522663e+02
1.781790785137914668e+02
2.371012989659776053e+02
-4.212839021474084689e+01
2.590715411955655867e+01
2.434973397690602042e+02
-1.743124650419173918e+02
3.681816213454533226e+01
4.500845129570194558e+01
1.688649909892964445e+02
2.686066992746697224e+02
-6.293137562658836970e+01
-1.515834778531352640e+02
2.718014252437490086e+02
-1.112276468710308848e+02
2.017502469869949664e+02
7.690956979785249814e+01
-5.258950315444898393e+01
1.808106276477008691e+02
-1.222701561313021301e+01
-4.364053447162270061e+01
2.674049893004812475e+02
1.968725623419596218e+02
2.172230072211156937e+01
8.645866217502302220e+00
2.206380856649664963e+02
2.024769736990515696e+02
2.517422796408561965e+02
7.565537686828565711e+01
3.211667131943553954e+01
2.877852184436698053e+02
2.532667307738747127e+02
-1.675011890166795752e+02
-1.013814263061567544e+01
-1.070131655683954222e+02
2.837177877579904361e+02
2.482171127222821099e+02
5.504208380185930594e+01
3.077929989643640738e+02
2.012818301826341099e+02
2.341321433085197725e+02
2.584966113757200787e+02
2.509076399989696142e+02
2.472441688660606474e+02
1.589018212466626210e+02
2.304459997378292258e+02
-3.463176991778631475e+01
-4.655055729279803245e+02
2.466895362084972874e+02
2.332801882479454036e+02
3.272148368069247226e+01
-6.490655794520094446e+00
-1.675617904372468558e+01
-1.459611352169902432e+01
1.526114555906443684e+02
2.087262789620195349e+02
2.464160274327781792e+02
-1.098225973878058426e+00
-2.167208109873897115e+00
2.802089047702650078e+02
1.527387006961520655e+01
2.615336342585276270e+02
4.697991738672704543e+01
8.705864940862454660e+01
2.637309125595139108e+02
1.657484460266724113e+01
2.899717284838777687e+02
-4.821055530993836413e+01
2.614143487749577162e+02
-1.421111985190414373e+01
2.037447343454091424e+02
2.184612800328984576e+02
1.937005705239808435e+02
2.743456539113288386e+02
1.648151647807496261e+02
1.747900709593707802e+00
2.690742013968624633e+02
-1.492231200304601657e+01
-3.065857724051483046e+00
1.992724988014609266e+01
-3.459280107179239394e+00
2.332051371535000612e+02
2.363469014985965941e+02
1.632108860917514903e+01
2.658693609108090641e+02
1.271084116807998043e+00
-2.073437295288613882e+02
2.521549836415209711e+02
2.452465850026604528e+02
-5.755193833718191598e+01
-1.711390135143796840e+02
2.271209574173497856e+02
-2.923501689709613061e+01
7.875590395878937500e+01
2.335843468733174007e+02
2.586370786228182510e+02
-5.423538411156604866e+01
-6.524387343218359092e+01
-7.459805266204185159e+00
2.168777950047189620e+02
-1.488706314524594632e+02
2.238725914162787092e+02
-1.656672630108506041e+02
-6.928786974586842007e+01
2.464033802104584367e+02
-1.195113843059246648e+02
1.662478278748957905e+02
5.951771467003354132e+00
2.327631428243578000e+02
2.552810292813759077e+02
-8.459154913340881876e+00
1.127701798944225544e+02
2.389762023527870554e+02
1.744548390624509011e+02
2.659331624718481635e+02
-5.903941867797556142e+00
9.349147628572609392e+00
4.644176115704377139e+01
-8.805062820906263710e+01
-2.556339429652240369e+00
2.845097080246943051e+02
2.326239994905409105e+02
-4.585988946063856986e+01
1.753722590783445980e+02
3.003809628351589254e+02
3.371299451192689389e+01
1.841516149945836105e+02
-3.914197227034189552e+01
-9.935453021377149696e+01
6.424954717485843503e+01
1.835645696274322347e+02
1.276832380062705852e+01
2.724954985408375592e+02
2.123809707570610215e+02
2.755689419432792988e+02
1.941108676541601881e+02
2.274481325126024558e+02
1.527564014033729336e+02
4.169717803487003494e+00
1.854867552452758446e+02
2.315552120701998433e+02
9.194778168929261142e+00
2.676439925913653042e+02
5.768052455364193065e+01
-8.545700580498720456e+01
2.827675565253985610e+02
1.583627622303961857e+01
2.669686560582450738e+02
8.054815128701353899e+01
2.546369875090779260e+02
3.585925378980283540e+01
-1.721472776877251931e+02
1.426174919759149020e+02
1.791746194100778666e+01
1.795759531025538536e+00
-2.613421402761434820e+01
2.428171020300264047e+02
-1.496696280909950758e+02
1.940580594749038710e+02
-5.655684915397492318e+01
5.780938550428786016e+00
1.269411605815984956e+01
-5.424358357102974537e+00
3.047682816325050226e-01
2.515594273126416454e+02
1.381161697664737176e+01
-1.648263291839313638e+00
-1.508789202798159863e+02
-1.785858899630534324e+01
2.169525649390430999e+01
2.080042434720298559e+02
3.855299001695942707e+01
1.904036247843858121e+01
5.049747284283438375e+01
2.140987680008301197e+02
2.341497177885227643e+02
4.637681348893053723e+00
-2.144349362702467943e+01
-2.629561619981515719e+01
-4.746326477161356650e+01
3.871530108054017205e+00
2.788947524348181446e+02
6.056737243114270086e+00
-1.968402798852568480e+01
2.511138332117796779e+01
2.270865846271958048e+02
2.624996399984810296e+02
3.244565629997092060e+01
-1.606073475945106566e+01
3.527494585479209377e+01
2.056799180892714674e+01
2.870939091688327380e+02
2.536417251452679693e+02
1.354392230807299313e+01
-5.994976922482953796e+01
4.144878737848409855e+01
3.458321440145812176e+01
2.513294328001566385e+02
2.307845753520322205e+02
1.639533227762230183e+01
1.479875579065773650e+01
4.247368094026580820e+01
1.696422973213302043e+00
2.525468099484268976e+02
-1.521183987784284852e+01
2.897152582819063582e+02
-9.415024771133033710e+01
4.736484306084449258e+01
2.346255718496562679e+02
2.416156722010562419e+01
2.308013493100629603e+02
-5.768437030024762180e+01
-1.076016840960627974e+01
2.634438866781140973e+02
2.802976686237429931e+02
2.455276287483039823e+02
3.906878837268976667e+01
-6.704104838103148722e+00
-9.266643178296760652e-01
2.590908129994001001e+02
6.745790645617492487e+01
1.981254475032255868e+01
2.088615885372462344e+00
3.047729427031443379e+02
2.471319470289258220e+02
1.028842777686010379e+01
-3.899119059908430529e+01
-3.387720516974458462e+01
3.029922312198940517e+02
2.535078014558716859e+02
-2.237280038623501355e+01
2.960952961077421151e+02
-7.979974259301380357e+01
2.548017160323083203e+02
3.708739200035768135e+01
2.200420224268898721e+02
2.722069799002349555e+02
2.914477584485861144e+02
-1.645447210176172348e+01
-5.966407458522255070e+00
2.759797288561560435e+02
2.619156855501774999e+02
2.958639217881764125e+02
2.505412642792954330e+02
-6.254562340726245395e+01
-2.455407995073483107e+01
1.558313312692557417e+01
-1.851016382171422947e+00
2.734447566031900578e+01
2.615746227091898959e+02
2.822506247459549513e+02
2.408833020006193522e+02
2.803387524938102615e+01
-4.631769648094345371e+01
3.162655311707962369e+01
1.472964294102899885e+01
2.571729567853222989e+02
1.475280626034410147e+01
2.867582294238603140e+02
2.887901218079575187e+02
-3.512010419863264588e+01
2.750935184772645243e+02
2.561214675916220358e+02
2.619070341755698337e+02
2.448701366787946938e+02
4.489261638536018495e+01
3.517725361417006980e+00
2.343447527818655658e+02
-1.999345424998190595e+02
-4.723398635394484302e+01
-1.482837257430107059e+01
2.687676657062614822e+02
2.815803801331796876e+02
-1.072707488063767300e+01
1.776073117229230434e+02
2.092681078575480740e+02
3.003224050509624021e+02
-3.576320211625120749e+01
1.985987187358441872e+02
2.569923275616021101e+02
1.767328267437703460e+01
2.330140209266905060e+02
9.294523949622274017e+00
1.774027205852537747e+01
8.800937329248782248e+00
-1.586234564046290529e+01
-1.212422902838629568e+01
2.108286915799789369e+02
-5.980665793721469470e+01
-1.398448879307336767e+01
2.198975152699299827e+02
-4.145983102915313623e+01
-4.977019632843899899e+01
1.904899102019987822e+01
2.214940638674135585e+02
-1.575257373615811218e+02
2.323164457095869295e+01
-1.638676391115654951e+01
2.425281846905434691e+00
5.308266277902529851e+01
-4.800333384247741009e+01
2.511464065281825242e+02
4.021526617379393542e+01
5.508174744555500979e+01
2.028203320333102511e+02
2.607701613033361809e+02
9.815502330205006842e+00
-3.147423788932891853e+01
2.700556408980669971e+02
2.171917424739970670e+01
1.992685254956049050e+02
2.511938393670240544e+02
1.624416058881901392e+01
2.964920301368115361e+02
2.715343344579682139e+01
2.458813595453760286e+02
-1.453683795032301305e+02
2.467458562028682252e+02
2.616728757063636408e+02
3.882648267495076766e+01
2.416213269688444143e+02
4.131198936675880873e+01
2.680792720373700604e+02
2.650207818597849041e+02
2.166582024661220203e+02
2.742318401597133857e+02
2.207127033565298007e+02
2.356946507442875429e+02
2.621650495359295974e+02
2.546105455941485900e+02
-1.639278139031547994e+02
4.667849385903230086e+01
3.932214728616480670e+01
2.427319068734171310e+02
-8.014065710934387710e+01
9.918750164810120395e+00
2.246454402191017152e+02
-5.321498723806895725e+01
1.200193988285891038e+02
2.754790245593277405e+02
1.487613414375189791e+02
-3.439786097333183079e+00
-5.674008814613907958e+01
-3.085448331528141352e+01
2.299908580331852193e+02
2.097891795773395529e+02
3.957314418075375784e+01
1.136194066863379248e+01
-1.108856644945291805e+02
-1.620802485440864871e+01
2.191596210290812223e+02
-3.426910990820300640e+01
2.542979305277025048e+02
1.484296725440091791e+01
-6.717972695886795975e+01
-3.944190895083352189e+01
2.949559615549159730e+02
3.036115671336841046e+02
1.588477891598907377e+01
2.684868569612490319e+02
3.696298411665964068e+00
2.841864920142023720e+01
-3.798340210355692648e+01
1.723452469427884068e+02
-5.027206791889285853e+01
-2.607940957394033887e+01
-3.229663079823619682e+02
2.571194414765110423e+02
-7.490601971317742880e+01
2.502103024405460019e+02
9.840249669186349024e+00
-8.616863332697262479e+01
-2.288219551737672930e+01
-2.599037911923986144e+00
-5.287086089770174624e+01
2.299358746233905038e+01
-6.778366285918693279e+01
-1.342181258015830565e+02
-5.356371882453856870e+00
-5.701963001378871354e+01
-7.133517335467107046e+01
2.434839785293427781e+02
2.929541769879967319e+02
1.062528089811092968e+01
2.294755981850438502e+02
-3.168460788634855874e+01
2.672827283349860181e+02
2.980528917475655817e+02
5.583714337955697715e+00
-4.384725832644858201e+02
-3.774049398640845254e+01
2.776340162621175978e+02
2.742239083748166877e+02
1.165011506280436038e+00
-1.421016761964544628e+01
2.974254856432061160e+02
-1.611629767245780442e+01
3.392363843979310900e+01
-1.510407384267035980e+01
1.564492666190724890e+02
-1.238014683143000809e+02
3.903742129210105816e+01
-5.754627771879903264e+01
2.872297134084742538e+02
-8.768216758504607355e+00
1.241680086973358925e+02
3.570132773804337489e+01
3.360553325934304780e+01
1.533916845410798260e+02
-7.477961025008502816e+01
-2.495254407902370986e+01
-1.665435819590398125e+01
3.547273672830050373e+01
4.459449225825233043e+01
-2.199818274009756180e+01
5.615404826662245341e+01
2.685636334791631441e+01
-2.591330323983243034e+01
4.292344372930571694e+01
1.301471529750688205e+01
-1.785720104339508225e+02
2.283640706884286828e+02
-5.238162694128816099e+01
-4.623397115094529397e+01
2.482088136420362332e+02
7.571698788644297906e+00
-5.451048269506824795e+01
-1.499103585132648675e+01
-5.835562881916160904e-01
-1.438652288322619199e+01
5.304576428232536500e+00
3.319008606190820387e+01
-2.042037033917020494e+01
-3.051621829626208182e+01
-5.488947983707106459e-01
2.321150954555916428e+02
2.888714427880753419e+02
-4.519306351450218528e+01
4.531020930141380632e-01
-1.666740202072896579e+02
-2.052697633470148730e+01
4.034427920471523521e+01
-4.087009508489947507e+01
-1.874666838655667789e+01
1.365003585105428954e+02
2.590629612193790763e+02
2.022589043862156188e+01
-2.744310491595737176e+02
-6.169637475481181355e+00
7.016229115926748250e+00
-2.773654099090504133e+01
-5.575334423846172172e+00
2.261121909494310671e+02
-2.029377860165561742e+01
-1.170691087286918730e+02
1.284865261245997203e+01
2.339587544814079649e+02
8.154393491644401593e+01
1.827515849391103586e+02
-1.191096082947107249e+02
-2.463447927713947649e+01
3.002755234509600086e+02
2.677928030384063049e+02
4.368386638609075590e+01
-4.775196936967218875e+01
-4.025237966675079093e+01
1.673701227926073898e+00
-3.854808295351283220e+01
2.592887420764134845e+02
-7.747653764475046501e-01
-9.551066234367682739e+01
-3.958968812312264163e+00
8.915871054692672715e+00
4.983629137423292832e+00
1.616457551856760233e+01
-2.799961021182109278e+01
2.755817216706939234e+02
-2.871762645092846356e+01
2.144307146720993273e+02
-1.326828783708643300e+01
-2.461784618210848663e+01
2.047671181114160959e+02
-2.491058249152105475e+01
2.497097889318519606e+02
4.154211024886930659e+01
-3.116892503352430310e+01
2.542818400455558958e+02
2.767342208628140554e+01
-2.954834244582897895e+01
2.498823092041997995e+02
2.838369500647387440e+02
-8.282714902267323964e+01
-2.523109377531486075e+01
2.406996256776434961e+02
-4.931443455994202907e+01
2.266740489957967952e+02
-3.474497424342217755e+00
4.375398911077314779e+01
-8.325974940132338986e+01
2.429895877186827136e+02
2.683874461183494020e+01
-2.355357622548730774e+02
-1.041418902633787980e+01
2.668968715340249673e+02
2.488052753532680583e+01
4.905422863940813727e+00
1.859608203637904467e+02
-7.747554168730798096e+01
-2.053369560547643573e+02
-1.681783848178523044e+01
1.743890321521194551e+02
2.331370022977792758e+02
-1.324712403434228065e+02
2.694601495498168902e+02
1.946468062394731646e+01
-2.666267738099492135e+01
3.162101808653574153e+01
-9.595958340636474304e+01
-1.735109256278782652e+01
1.751786458907106407e+02
1.409482725362785516e+01
-2.808284934569631730e+01
2.764513036836835909e+02
-1.662451556423683030e+01
2.736586947845906366e+02
1.550780334099545144e+01
2.567047069276555931e+02
-5.819469963326993422e+01
5.150906035560171858e+01
2.333448552260259987e+02
-4.828618844065171345e+01
5.315033004517130166e+01
4.023114181793093280e+01
2.195128906780422824e+02
2.350723604336990888e+02
-2.550579021914764155e+01
3.737535781013349379e+01
1.629326073034810918e+01
2.116707785205576045e+02
-2.456043180755982291e+01
2.429387955395301333e+02
2.027295603953555769e+01
2.411035892916681291e+02
9.904154317442220190e+00
-8.354267516394412496e+01
-5.752829529790203367e+01
2.479348061095724631e+01
1.722267549042392147e+02
2.521648003829043603e+02
2.311019145820376366e+02
2.547929617129020130e+02
6.264565669382221813e+00
1.402073450239562078e+02
3.011081965370892135e+02
2.440463306839019708e+02
2.731643961278522283e+02
2.355450270370524777e+02
2.726401703707451816e+02
2.542863170177797087e+02
-7.717962413753359385e+01
2.402457378623309978e+02
2.047660718621189631e+02
2.673474717618992145e+02
2.787493320986375238e+02
2.736810164832152736e+01
2.304731691738541883e+02
-1.295282922179846707e+02
1.253630158832751533e+02
2.127871483645295143e+02
-5.752626367172027244e+01
2.570496256811721310e+02
3.363176555435330783e+00
-1.577165773719450499e+02
2.268787659679361468e+00
1.453039920271720860e+02
2.720872385079262585e+02
3.038012308830503798e+02
-7.512836200857509539e+01
2.178645780015615401e+02
-2.348899582073082684e+02
-1.266631943827308504e+02
2.609589809056429885e+02
2.502164478841379776e+02
-1.419305228385022133e+01
2.399720380568058431e+02
4.298722293919837512e+00
2.252751566126761418e+00
1.379469043558779617e+02
1.835760380780346850e+02
1.484516581744028372e+02
-1.514337798797392622e+02
-1.380217012474728904e+02
-1.737963722831030964e+02
-2.878386191127604548e+02
1.246939701319800520e+01
-2.368108006159318961e+02
9.310350071227446733e+00
-1.846034835819060049e+01
2.725230578871706655e+01
-4.514238612731077183e+00
1.104824739356618579e+01
-2.708795658266343480e+02
1.245584951289669249e+02
2.083967929037581257e+02
2.691958068490616256e+02
-4.039768839417206436e+01
-1.206104407545001322e+02
2.465720544862903409e+02
-4.718667971633095704e+00
-1.033520012879685055e+02
2.944341177967275485e+02
2.809980544947298426e+02
-2.459029149059753081e+02
2.221268306305574640e+02
1.257134576918776787e+02
-5.341845481747884605e+01
-3.723261094762324319e+01
-1.325946185567204338e+01
1.567319484918918704e+01
-8.428584724438223930e+01
-6.543404973638376987e+01
1.747062412184940001e+02
1.987349646051124807e+02
2.511727231153979574e+02
-6.128016327654312079e+01
-2.196629263185108698e+02
-1.750022562772255696e+01
2.031879755513699308e+02
-1.075430870730616277e+02
-1.788822349960768747e+02
-7.801796151773162080e+01
-2.626988329263571131e+01
-1.404304838519256009e+02
-2.263330066414113162e-01
2.915122087979335674e+02
2.294780397606938038e+02
2.239710198489746062e+02
2.272459111889219230e+00
2.292669959364976648e+02
1.762785056265752814e+02
1.938104868775230329e+02
-4.555597537692354138e+01
-7.257308126243194124e+01
-1.304488134704068614e+01
-5.454761832299195135e+01
-1.576120817435743504e+01
3.637010989105820613e+01
4.509624771029365320e+01
-7.661082712909562531e+01
-2.189680369986544406e+01
2.436117708269381978e+02
-1.082937847232275885e+02
1.400225535103368202e+01
3.065619959024130594e+02
2.918914525881618260e+01
-4.960918273337647122e+01
2.486140604667264427e+02
-3.846403279618323268e+01
1.907573647338074920e+02
-5.469153546979462988e+01
-2.281543892497141144e+02
-1.365248094827391867e+01
-9.743313388390647845e+01
-1.284391171976884038e+02
-3.952019991985373792e+01
2.587012392692305411e+02
1.759474273571798904e+02
-1.213128094990524630e+01
-1.948980030423464029e+02
4.505721359265749015e+00
-7.824669485660990631e+00
2.753472406402183310e+02
2.533664424182207426e+02
5.259673492963514718e+01
-3.596746846044655399e+01
2.658317378516682084e+01
1.645073618930121029e+01
2.168288201223665794e+02
-1.119005033472035038e+01
-2.885869114612610531e+01
2.854809455850524955e+02
-8.682756314343619408e+01
2.830363089721201959e+02
2.799287982261342904e+02
-1.263968106483677190e+02
-3.484582804245272314e+01
2.789552493456136517e+01
3.342844231171602587e+01
2.146040992454929608e+01
6.255998806672820933e+00
2.588445368464417129e+01
2.304937188062723692e+02
-1.498803298908284773e+02
-1.922447848788298757e+02
-6.646511448727423499e+01
-2.521900823915525223e+02
-7.796611137618869236e+01
2.401274450316596756e+02
-1.605339323890299852e+01
-1.847985290500886890e+02
2.597988306530425007e+00
-1.235144609232814474e+02
1.448715847851850924e+01
-6.056253046295161369e+01
1.363195829766539191e+01
-9.120246854868339881e+01
2.457408287511085803e+02
-6.992919635651423960e+01
-1.018687049119290435e+02
-4.805601703980497064e+01
2.308807465301368040e+02
-1.053933683438644380e+02
-1.134987863231835945e+02
-5.374759189653725855e+01
-9.217607040347590441e+01
2.790263313010415800e+02
-1.380617665647656622e+01
-9.325803981155307554e+01
2.976037229285311696e+02
1.434945676898887257e+01
2.860122405410433544e+01
2.035522811420562448e+02
-9.521111521053391868e+01
-1.086533300800118980e+02
-3.356177102221393227e+01
-1.333022986562426127e+01
1.530659052250835828e+01
-1.550444168878595974e+01
2.582886417424267052e+02
-8.946410327759133452e+01
2.504764888443629900e+02
2.116030397089855342e+02
1.898523200359508678e+01
1.173061941579642564e+01
-3.429931568729325875e+01
-3.125344053395225785e+01
-1.015115129018363689e+02
-1.003091359416036283e+02
2.394393802632446295e+02
4.558307169937253889e+01
-2.048272290597421375e+01
2.747585161662612450e+02
2.666682560367412407e+02
1.951065864310455993e+02
2.671585008432563768e+02
2.385736543660370046e+02
1.338906035532933174e+02
2.620794581339195588e+02
2.857933572652507905e+02
2.380324335087312591e+02
2.797719726693111397e+02
-2.745106481017295152e+01
-2.733477706780493577e+01
4.044266346306211801e+01
2.675240398279923966e+02
-2.795770254284088878e+02
2.596178291004392804e+02
-1.631952104776070200e+01
-6.626492898918310459e+01
2.087161678391395867e+02
1.956676898691583233e+02
-2.349679102650996754e+01
2.176677307227072902e+02
1.710620136247887899e+02
2.121642483932006655e+02
2.955341986742204199e+02
2.065495373245551889e+02
2.009149291761937661e+01
-3.649089442830149324e+02
2.297151082777757551e+02
1.728286848349602565e+02
1.898607132551052246e+02
2.558522794757801648e+02
2.700843584345948898e+02
2.783099405670295710e+02
2.163173441798648469e+02
-4.489677112326651809e+02
-1.060655706585254165e+01
2.038351509917819442e+02
2.628237536509402617e+02
-6.642268342822319482e-01
-1.151731755513668531e+02
-2.289611999305857637e+01
2.105377057595026145e+02
6.186920162648024757e+01
3.014716232677544667e+02
1.874027520286988420e+02
-1.273533820266965222e+02
3.297980849218611610e+01
2.548000168837937451e+02
8.618791423912838923e+00
2.441062026091796611e+01
-3.518985468340486200e+00
-4.351379027745787198e+01
-3.242477438617633823e+01
1.938904536181112803e+02
-3.729887321368413211e+01
2.332228254838125849e+02
-1.038655339939878957e+02
-8.752830438123723411e+01
2.438434055377468042e+02
-9.004427571119464346e-01
1.596011210173570305e+01
-2.639469059784229898e+01
2.101181552344226589e+02
1.992669443284667068e+02
1.786396706784620392e+02
-1.032118980972752667e+02
2.440618910418670282e+02
6.852643374628934225e+01
2.177047350544785616e+02
2.319650894945635855e+02
2.385863047086532731e+02
2.598664475679412931e+02
2.364057725863603707e+02
2.425526444800660215e+02
-1.528697428647822676e+01
2.381827259526111789e+02
-3.032065438647167639e+02
2.741334732722446006e+02
2.268732307307305405e+02
2.277338900161214781e+02
2.873341041553798050e+02
2.498723048081964180e+02
1.803619660903858062e+02
2.764863012661841140e+02
1.987584545472293485e+01
2.698409514954864790e+02
-1.602794657297097558e+01
2.793911882594200620e+02
2.685481684028821405e+02
8.785277515948824600e+01
2.841838696286038726e+02
3.023343743549702367e+01
2.036617940943457370e+02
2.116392028904332392e+02
-4.619449045302661716e+01
1.709615224381241774e+02
2.020840505706525505e+02
2.700554452802350625e+02
2.375606192993158459e+02
2.705004831627224462e+02
2.720607878191212876e+02
2.614977989400750857e+02
2.590519631108919896e+01
1.990724036508755148e+02
2.728153751806451055e+02
2.590520254958295254e+02
1.622568574866235451e+02
-9.457462432406705943e+01
2.677647180906451467e+02
4.551100721078142897e+01
2.742615401444423924e+02
2.645992306039902076e+01
5.882384078619097068e+01
3.910456902737010410e+00
-6.595811268711014463e+01
2.742409680492422126e+02
2.713495733608144747e+02
2.694709918586589197e+02
2.405713723580812768e+02
1.051468849348313483e+01
-9.875659817794573314e+01
3.725688155696964543e+01
-5.047485385103797739e+01
2.348067997183136413e+02
-2.250349881849913913e+01
-4.900527452275279074e+02
5.104552219980715222e+01
1.929427135769631718e+01
1.558802987052092703e+01
2.541652320449037461e+01
2.129904583832303899e+01
2.443446168494513131e+02
2.344303189678731769e+02
2.067315377720721017e+02
2.344510276886051656e+02
-4.151064106584054514e+01
2.744809823042983226e+02
2.513449211681260351e+02
-2.039680743034327293e+01
2.062995174818016721e+02
2.861207035338705964e+02
5.739558750999080416e+00
6.973454548772423323e+00
-7.315287932535198934e+00
-3.308319570037974700e+01
2.894710047827467747e+02
-1.956544349549403705e+00
2.721341469886049254e+02
9.946476307848499232e+00
2.268417185647317922e+02
-8.646300897811313746e+01
-2.270178224693228231e+01
-2.241443797613440836e+01
2.471193707599234415e+02
1.232931792248729721e+02
5.634591572097536982e+01
1.341185442789334843e+02
2.540288055880066054e+02
-1.303889394094407237e+02
-2.573598665721324608e+01
2.794629611037972268e+02
-3.449329200538458906e+01
7.109926548162846416e+00
1.399807208733129471e+01
2.687894475146821378e+02
2.332813426883595298e+02
2.594475637182727041e+02
8.575698313743345125e+00
-3.118261242772646824e+01
4.092903347180288165e+01
1.784401375468800666e+02
7.063632189964508257e+01
4.348072828708032489e+01
2.073755431766061008e+01
2.650574785309074173e+02
2.789754560973244679e+02
1.574824615461783139e+01
3.110939073178801095e+02
4.911827667525889751e+01
2.428573338501203978e+02
2.596372419000963987e+02
3.794681158392117482e+01
2.514538409668166423e+02
2.581262688778347183e+02
2.689380809405390664e+02
1.019011277876778365e+01
-1.788795404677454712e+02
2.414629295820708990e+02
-2.267033860771556419e+01
-6.388990385313046261e+01
2.857021771683631641e+02
3.011782829305388987e+00
-3.505595516838239689e+01
2.316905944798484427e+02
2.211355191295825762e+01
-7.024709708893080062e+01
-6.405282178909033064e-01
2.776079577426208971e+02
-4.535947351936154348e+01
2.550901267784738877e+02
-2.808759594558438266e+01
3.028272468551642760e+02
3.029770858190016725e+01
3.597575925353527282e+01
2.218394768488514046e+02
-3.238403294469321736e+00
2.123246951047026414e+02
-3.477361297947217622e+01
3.884532171168163472e+01
5.638999724218194842e+00
3.080558744949546508e+02
3.990413139337147186e+01
2.450499144296983900e+00
1.325021541680186488e+01
2.579782008017583621e+02
2.764890391012335726e+02
2.638033381755591336e+02
2.903130081097834818e+02
3.138655600792358769e+01
-3.148129401581302034e+01
2.647137824098499550e+02
-2.610893890468724976e+01
2.554530730912924241e+02
-2.288062150663279226e+00
-6.115099768948080339e+01
2.288839327387353819e+02
-3.534872793394865198e+01
-9.901712271573742896e+01
-1.257911866311469851e+01
2.540017948070228044e+02
2.492811326145143198e+02
-8.858291277131158381e+00
2.137710121433214283e+02
-5.324465884612405375e+01
1.993536491102727837e+01
3.275337401185802833e+01
2.533359408267125161e+02
2.146154133227869920e+01
-6.868425668136455897e+01
-8.229982784442948685e+01
2.727066727028388016e+01
-8.403216908767797122e+01
2.999470976584709661e+02
2.726764152090707682e+01
7.591862155900912512e-01
1.978291071819074887e+02
1.052137389048514677e+02
2.787080494151953758e+01
2.200499550158660327e+02
-3.227780718926420889e+01
4.311144297024463867e+01
3.035454200530327853e+02
-8.051693818114827650e+01
1.839658570740219545e+01
-2.666128676872386905e+01
-6.388979991240398704e+01
-1.863605000094253512e+02
2.422881633788860825e+02
2.686580458041120210e+02
2.706507902163403969e+02
2.625750989751092845e+01
2.830657954024331957e+00
3.091479087665663883e+01
2.788794738360597592e+01
2.620011784335116545e+01
2.783749181249265234e+02
-1.552953841510102961e+02
4.081331192538129926e+00
-2.052269878028064909e+01
-4.177706395222799642e+02
-1.018116697934008243e+02
2.747639507369414105e+02
-1.458032182099036049e+02
-6.041806586971968329e+01
-1.301242983414649359e+02
-1.043329109081446404e+01
3.177610659724700781e+01
-3.133348458770003617e+02
-1.750682065954689790e+02
-3.517093478147878614e+02
-5.903605992189684315e+01
1.692747994952518411e+02
-9.581540870590316672e+00
1.670155969096833815e+01
2.188434256146401822e+02
-2.186051034471810794e+01
3.625580225500229403e+00
2.765875927639638121e+02
-1.852918568346198924e+01
-6.627501688727490148e+01
-2.510198877271504614e+01
-1.468540383583291487e+02
2.843615766185152438e+01
-1.433412495974594378e+02
-8.168288002927558011e+01
6.243596175035256124e+01
2.699322829705016602e+02
2.447171624451086132e+02
6.649750679833942968e+00
2.599400235370950440e+02
2.340001922152272869e+02
-1.038992826337389488e+02
2.568725766982088317e+02
2.790424580076236794e+02
8.126969480621697528e+01
-1.011935777701485506e+01
2.406167966463609105e+02
-7.425227224787980163e+01
2.664613035197362478e+00
-1.080312163830954120e+02
-1.310295646675825765e+01
1.009301690023920628e+01
-1.664845174626572089e+02
1.078945491132631673e+01
-7.407889867188401922e+00
1.814645163177704035e+02
-3.482059964354277781e+00
2.290810960671720409e+02
-4.223254615311262228e+00
-3.956487552536441399e+01
2.273951959732224850e+02
2.688817489377372567e+02
2.424985764330886866e+02
2.656908178238365963e+02
-1.294104830402007167e+01
4.611040656001648586e+01
2.750967632421891267e+02
2.864315609437159651e+02
-1.320583664679224967e+02
-3.284337717119801709e+02
-2.527618791795978836e+01
2.171879840289502397e+02
-1.524956923678205953e+02
2.048942034412068551e+02
-7.544018991450733438e+02
-9.788452650329359983e+01
2.389939845947597519e+01
-1.098713661484250963e+02
-4.156431643064308901e+00
-1.362635827648735471e+02
1.467883377338965900e+01
2.687413401254522682e+02
2.146368527267259196e+01
2.853926968920523564e+02
2.737773565081808442e+02
-2.445018525326493375e+01
1.836863176419991817e+01
2.910574485573853849e+02
1.809144108842266405e+02
1.355202167713537165e+01
-8.113802287644024602e+01
2.789810820361640253e+02
1.761455039632113539e+01
-7.324967804715251418e+01
-7.828580754042718581e+01
1.920689581471513208e+01
-9.359210276180424160e+01
1.799767250723017753e+01
2.273265764598965575e+02
-1.093665489255887309e+02
-2.037992765392057493e+01
1.610075982328439181e+00
2.601396903353221433e+02
-6.282312878158498393e+01
-2.152451124850296367e+02
2.018122820384348017e+02
2.288539005213792166e+02
2.091361882846239837e+02
2.713595282964053013e+02
1.682665801809346817e+01
1.723020640205928373e+02
-8.124263551529546135e+01
-1.754742608034788987e+00
2.204762008827501063e+00
2.779608028157934427e+02
-1.183641206602697054e+02
2.406640142412634020e+02
1.871872807024144834e+02
3.689575700132596126e+01
2.102841855346937621e+02
-2.359991192007027507e+02
-8.484484856821525511e+01
2.127052620936989058e+01
1.391849228617203948e+01
2.503951273059708740e+02
2.666223262592814081e+02
1.895632175063092859e+02
2.422911952443587040e+02
2.728324192272882556e+02
-6.402518028924731652e+00
2.496884404777430007e+02
-2.471770539215161477e+01
-1.617291565017310404e+02
2.848413468120434118e+02
-1.481278681796598562e+02
-8.533140273858720093e+00
2.523375531614705096e+02
2.406755658445580366e+02
1.496898132622320645e+02
2.035604594261649254e+02
2.620970996987058754e+01
-1.322722064701090972e+02
3.011544166179569970e+01
4.457156310480743855e+01
-1.136651606676458215e+02
-1.091254531002931003e+02
4.205735757514497664e+01
-9.475658756333430688e+00
6.128236228681521425e+01
-2.002346940901293237e+01
2.624332582611425551e+02
2.885599547278698651e+01
2.475738860579108973e+02
-1.373291959424712445e+02
2.397429786587449598e+02
2.734598915539224890e+02
3.301688721126481596e+01
-5.905438226311757433e+01
-2.059005457589493346e+02
-1.524548873677018435e+02
2.300641774788761609e+02
-9.156974577762927936e+01
-1.359439520964103281e+02
1.547944024713054318e+02
2.769086425066931270e+02
1.607785999775021537e+02
2.052071707686789921e+02
-1.172186228228608513e+02
-2.928476211347476692e+02
2.747103182389912490e+02
-5.231192394633190190e+01
-1.410348620184474555e+02
2.123053781088725032e+02
2.081097808050305673e+02
2.602693572602172480e+02
-1.507611924470889448e+02
2.618675890262516077e+02
-6.923235039958359494e+01
2.173788561245951598e+02
2.538605556793997380e+02
-8.125601463610399833e+01
-5.975731095113454217e+01
2.589189927486629585e+02
-2.350631397880391660e-01
-1.650188957578562565e+01
2.121401126406435367e+02
2.736563993193503848e+02
1.998944176530953882e+02
2.875163607639188967e+02
-6.091758655849987747e+01
2.979576079087096332e+02
2.021939034147925440e+01
2.842406208320730343e+02
2.488505970439513817e+02
2.393261525419114548e+02
2.317853366348762734e+02
-9.645728621766934907e+00
1.996676619031001678e+02
2.519626279185527835e+02
2.674226813613116747e+02
2.391699742011166450e+02
2.207033854302448503e+02
2.847500884769828531e+02
2.046489861950099680e+02
3.135788208890881492e+02
1.900956107186813142e+02
-6.114451882747825096e+01
2.904677502826947375e+02
-2.073685215939993896e+02
2.267153674817771503e+01
2.754122619929792108e+02
9.802324527684328359e+01
-4.391594956317010201e+01
2.733797531529411629e+01
8.229169656170881808e+00
-1.979742254509056352e+02
-7.772484216853902694e+01
3.896738690881360867e+01
-2.393019028349741859e+02
2.021765946496442439e+02
2.142450587145058876e+02
2.733204713586860635e+02
2.471710745551131083e+02
-4.725073686767784409e+01
-1.044328389680119074e+01
2.613496005965125732e+02
-5.753880976958534177e+01
1.849449964054457212e+02
2.468436173654983747e+02
1.128241531825052419e+02
2.436559222389601587e+02
1.804253082923460738e+02
-1.189558871830472242e+01
-2.698040710690329433e+02
-1.989120557302661325e+02
-4.219639768074479491e+01
-9.564219022296344974e+01
3.105083082430283525e+01
3.494415579292547136e+01
-1.051794118596187388e+02
2.740275429475210558e+02
-6.268923845284912488e+01
-1.001712252287043725e+01
-1.985109154984645841e+01
2.340551599097316284e+02
4.412564557912241980e+01
-1.580159489403673660e+02
3.101336257348339132e+01
-1.745776250932559037e+02
2.535484937202802200e+02
-9.209555275306556155e+00
2.587004322238018403e+02
1.842751885125660749e+01
-3.277367549132446811e+01
2.628359216109707859e+02
3.075537406836015748e+02
1.861540446087560667e+02
2.528456555715008847e+01
-3.065540953566721782e+01
3.549962824879060008e+01
1.562703326068927367e+01
4.431548129852740203e+01
-2.730817162994888747e+01
2.179506739970207718e+01
1.635111929187453939e+02
-3.112543137887703892e+01
-3.654897988864904335e+01
-8.568317858418836863e+00
-1.181191230831316545e+02
8.308593044889576618e+00
-9.474448071584060926e+01
-6.482546103726062370e+01
-6.032103107763370531e+01
2.052760969695702897e+02
-1.853201764625114834e+01
2.595046527935957101e+02
-1.970220817356612031e+01
2.297104410170715312e+02
-3.930075720065418921e+01
-4.088116144486501469e+01
3.236959723826748814e+01
2.620865503095149620e+02
-3.319419295134045456e+01
-4.711933152480388998e+01
2.871141397521280965e+02
-4.883178111806584099e+01
2.630728443735077349e+01
-4.769123160504845771e+01
1.385220684123332546e+01
7.542631965929643911e+00
-9.757115822262576899e+00
-5.749839910431560952e+00
2.120242737430924365e+02
-2.612325457811516571e+01
2.535587920320846536e+02
-2.412827588307715985e+02
-2.407403924962468977e+01
-1.280297124171987377e+01
1.428224881502650589e+01
2.349931711596446178e+02
-1.883431249856303680e+01
-3.206097688900712228e+01
2.787546979369249129e+02
2.571446552737288584e+02
-3.983205029368162400e+02
-7.861784438430640876e+01
2.863636430768986543e+02
2.475027728973383603e+02
