-9.578012714269112848e+01
-5.094658006499236791e+01
-8.453037767061347552e+01
-1.930768351599921289e+02
-2.451324710136766214e+02
-2.605480146553778127e+02
-1.072021309887914668e+02
-1.865385926338176432e+02
-2.003354985018644072e+02
-1.323091503268060478e+02
-4.374941672959685093e+02
-1.324633457102239902e+02
-3.112785805055785886e+02
-2.428499008066444844e+02
-3.566646631275813775e+02
-3.344403848385771312e+02
-2.913737962765240468e+02
-1.486976648020640539e+02
-4.300552305621895357e+02
-9.280417699723366809e+01
-2.355451400928036492e+02
-2.474357169453548977e+02
-1.401445385060639524e+02
-3.705277468732596731e+02
1.985250378735771903e+01
-1.202046929472595878e+02
8.807628823032014509e+01
2.177554330816857941e+01
-1.354582357572203932e+02
-2.664327625790435832e+02
-7.900084107559710844e+01
-3.172938887371351484e+02
-1.472911028269672897e+02
-8.926939907249858663e+01
-4.779505584560180864e+01
-1.331540247386442388e+02
-2.270455183271089368e+02
-8.724301578864034923e+01
-1.047905166084111954e+02
1.000582812615375161e+02
-7.925407406704140101e+01
-7.222193942745774109e+01
-2.767269017460425857e+02
-1.155870577827675021e+02
-1.101797233097056790e+02
-1.399664977527180554e+02
-3.009888839247919350e+02
-7.766397286301821623e+01
-1.321506907854136159e+02
-2.209416832699905058e+02
-2.626423351388939977e+02
-9.140758746753010655e+01
-6.625189259130613095e+01
-1.497047783638124656e+02
-7.904277705410585497e+01
-1.940471740442251303e+02
-1.065122549301221966e+02
-7.132904804739166593e+01
-1.166576766528890374e+02
-1.246462673750313002e+02
-2.966338289908145498e+02
-8.535813463533267509e+01
-1.278201459609639841e+02
-2.304103288331027102e+02
-8.159149600413009296e+01
-8.187299687500340895e+01
-3.313627142091415863e+02
-9.221496449586231847e+01
-8.854701792101016622e+01
-4.298727403011558579e+01
-1.808806682826034091e+02
-8.906523604023833229e+01
-1.081290811899127107e+02
-2.065201026756134866e+02
-1.482515266077921865e+02
-1.456815058129053568e+02
4.468564759693467181e+01
-2.142871705836798242e+02
-2.040608097371658971e+02
-7.287949853833046632e+01
-2.059525773399796833e+02
-7.975986346273788286e+01
-3.642564380211566686e+02
-2.289032928021702276e+02
-1.315272440979301507e+02
-3.651084913603322093e+02
-7.815761974600773954e+01
-9.837788831870126671e+01
-7.387453894115722619e+01
-1.126027383477103001e+02
-3.010995121614471941e+02
-2.127271282120335059e+02
-1.109183346833335122e+02
-2.024946972657342030e+02
-7.940700231448076352e+01
-4.044896707553070314e+01
-1.160128751309716080e+02
-8.168468627606964105e+01
-4.354761973462352387e+01
-1.598431263823023869e+02
-1.050359167967030913e+02
-1.972654145279837508e+02
-1.024120376912842545e+02
-1.316578050416451617e+02
-1.186491710178751333e+02
-7.691763286807440636e+01
-1.035475274582506131e+02
-9.270267079609416783e+01
-1.746783733017907707e+02
-1.511635791799821220e+02
-5.381180752437659720e+01
-1.847464381040227863e+02
-8.586050187776397991e+01
-1.899087423180390033e+02
-1.303559578722921799e+02
1.105075803275182977e+01
-7.818836846547706898e+01
-1.186364638311519286e+02
-1.146763951127160652e+02
-1.172679144527073021e+02
-1.253856399879035308e+02
-2.175690227993133874e+01
-8.000600774981201369e+01
-7.865773944349109570e+01
-1.369407440531914801e+02
-1.225043687708810296e+02
-1.680403473477618377e+02
-1.214852001440428921e+02
-6.651185310494960845e+01
-1.094553384917332579e+02
-1.784541802270370567e+02
-5.746390237615787555e+01
-7.936036041131322349e+01
-9.153979863465247035e+01
-5.888707338247218104e+01
-8.863710443347780199e+01
-1.209923934222880462e+02
-1.095198257351837441e+02
-8.799373454501652247e+01
-9.283261210224772242e+01
-1.474886530826262856e+02
-1.803616968784495498e+02
-7.579914721980770764e+01
-5.027381430687846375e+01
-8.408623529532505358e+01
-5.143385278354166701e+01
-7.777572686721261164e+01
-6.330337227487703444e+01
-1.073054182806890680e+02
-9.413372494285397352e+01
-1.189767987648189660e+02
-8.421149685788337536e+01
-5.560123389052587584e+01
-1.075081743534069290e+02
-3.235576326307192119e+01
-2.796782989049454216e+01
-7.491228291988321075e+01
-9.256410494410420142e+01
-9.171679602182713609e+01
-8.954460531702125081e+01
-1.094228635277904260e+02
-3.025658246222683090e+01
-1.234865364268285077e+02
-8.159381385253702490e+01
-6.091322831639405422e+01
-1.080636788863048849e+02
-9.472679747905711167e+01
-8.108399225884961936e+01
-7.008012243332149183e+01
-2.990793681558041044e+02
-2.563815569151869340e+02
-6.585647071046516032e+01
-8.337164526459736180e+01
-1.181120392729830257e+02
-6.764663159684019433e+01
-8.198738213484321591e+01
-9.516713215966981920e+01
-5.879161803414399401e+01
-9.101488645223444962e+01
-1.024969437098348095e+02
-4.075738042639756031e+01
-8.609235788077060647e+01
-7.937620644422287342e+01
-1.043856941769832360e+02
-8.278912688278585108e+01
-5.700613659481035711e+01
-7.719221472211830815e+01
-9.043509096391079538e+01
-9.284170086431778657e+01
-1.249652530167673063e+02
-7.653790574026490390e+01
-7.682697205757840209e+01
-7.145122685109492977e+01
-1.324146654362253059e+02
-1.212570669625148980e+02
-8.125845092407632819e+01
-9.256105425071567083e+01
-9.267908349334632589e+01
-7.835145299188747003e+01
-5.477453891473655290e+01
-1.253342386180589187e+02
-8.219748644231759727e+01
-6.746906055058227025e+01
-9.648217715956799623e+01
-9.579093374246086512e+01
-2.634465440216985144e+01
-7.544591907338801207e+01
-1.091679502522773078e+02
-6.920060087844242958e+01
-1.386018451948438326e+02
-8.299919314908805745e+01
-1.956769606607454648e+02
-1.091221579329227893e+02
-5.892283408153910784e+01
-7.967865271457931442e+01
-1.003844926610736792e+02
-8.219831223300296585e+01
-7.643200111897063209e+01
-6.607607959609603654e+01
-1.008164027924708108e+02
-9.179622756259132643e+01
-6.583071056518497244e+01
-7.279156850499524012e+01
-4.145393672105696226e+01
-9.128064448296477451e+01
-9.780335081559161381e+01
-1.019989352060482588e+02
-9.487146781898726999e+01
-6.574836962683852448e+01
-7.738938598710394956e+01
-8.223193635942435264e+01
-1.259640742643648679e+02
-7.121660927256857576e+01
-1.374831529569540294e+02
-5.423788850784553972e+01
-5.695759930106265756e+01
-1.058808410450556465e+02
-6.702155913062958348e+01
-6.747922561945452458e+01
-7.320436557347737505e+01
-1.051414532134464537e+02
-1.168591808753860590e+02
-7.462841387097179791e+01
-5.101879292233994079e+01
-3.715214887406160926e+01
-6.618444549965694534e+01
-6.258687793720235959e+01
-1.377253485524306029e+02
-8.324372406723905726e+01
-1.060860030952198940e+02
-9.226532261357539255e+01
-7.382435753483770213e+01
-3.068844733632586497e+01
-7.534535508444150764e+01
-1.001066109888604245e+02
-8.469085818429044821e+01
-6.170638510196843640e+01
-8.501041271709452474e+01
-2.503233374289800395e+01
-2.891477953849627625e+01
-6.114258358136327587e+01
-8.950980741952328401e+01
-4.110088839246438397e+01
-2.000750515356414780e+02
-3.022236694770631971e+01
-4.823619797128129960e+01
-6.723510959260163133e+01
-2.415852138852606288e+02
-1.013565227013699115e+02
-6.960429553017999638e+01
-6.473740930553913131e+01
-9.727163913589684796e+01
-7.071795207344476353e+01
-6.693311808364049398e+01
-5.522821612922257373e+01
2.896981949455309291e+00
-7.946232607477307397e+01
-8.051944828288444000e+01
-8.797754602662273271e+01
-6.415025609558345820e+01
-1.009557910497843096e+02
-4.053589944696062730e+01
-7.309859525952091985e+01
-6.545674237125564332e+01
-7.821024652439133718e+01
-6.971056849597056271e+01
-2.264623945293777751e-01
-7.600775667754409426e+01
-6.933396548363543843e+01
-7.448903479445789344e+01
-2.671641318860299918e+01
-1.413963053230264109e+02
-4.409226671864351488e+01
-5.791123972809623410e+01
-5.539963733928637168e+01
-1.509547739210539419e+01
-5.630309985540786499e+01
-5.560544030768438972e+01
-7.021185284674908189e+01
-5.296061666736636653e+01
-5.918771077891516086e+01
9.879162127054001985e-01
-4.063142389370345597e+01
-6.729539164992803535e+01
-5.746334040719320058e+01
-9.785668563400108155e+01
-8.340569817089441074e+01
-2.043681952303624882e+01
-5.616190798757212121e+01
-1.023402035515837980e+02
-8.667779924655710033e+01
-8.345053829196299944e+01
-3.342391879429780488e+01
-5.178047484007728940e+01
-4.438414469251922867e+01
-4.186297344023992650e+01
-1.045275862576572194e+02
-7.822177627182615822e+01
-4.128217535072366928e+01
-9.284161563263006656e+01
-3.586741199333030750e+01
-1.666145103581145293e+02
-5.957079946222919631e+01
-6.738555133906774586e+01
-6.176838314619885040e+01
-1.741080152447219120e+02
-3.419962562072801404e+01
-6.238572909601176519e+01
-6.970033835741422479e+01
-7.347477749186856499e+01
-9.460132219836849288e+01
-5.392856496326115945e+01
-4.000107857019182234e+01
-4.425652526287551325e+01
-7.268201690130291581e+01
-1.034663819491475749e+02
2.308074771521835089e+01
-3.078855260477871525e+01
-4.437889829026958921e+01
-3.785049875409373499e+01
-7.743165025941772228e+01
-6.094030420969523476e+01
-6.769939441804942248e+01
-3.547769182440249836e+01
-2.255075449181703107e+00
-1.661423437868317876e+01
-9.102881023861655763e+01
-4.818617851065322100e+01
-6.043372998172453947e+01
-1.081126831483255302e+02
-4.176107491930561366e+01
-6.318177178358132551e+01
-5.734768618631649417e+01
-4.181750160845140840e+00
-7.899678817207670534e+01
-3.435922702940366946e+01
-5.647943561167640070e+01
-5.783232531121046804e+01
-3.221232750762874275e+01
-2.986548261640325563e+01
-5.639385076781746164e+01
-6.010091426500746081e+01
-8.507736724865246458e+01
-5.785747643044992827e+01
-6.027045891163727021e+01
-7.530034856526975773e+01
-1.935180027767383137e+01
-7.816981508069483198e+01
-9.731177792415608963e+01
1.733020564771908312e+01
-6.245427710831346246e+01
-4.844084628237027346e+01
-7.984272433311146244e+01
-6.650164045907612831e+01
-4.172010730560990055e+01
-6.290369891074748665e+01
3.009956596445789501e+00
-4.540567071366082530e+01
-5.926878846444498095e+01
-6.091739518416267174e+01
-1.789030541680151032e+01
-7.087226303995161913e+01
-9.033786107628937145e+01
-7.849613898054388983e+01
-6.729409608708166957e+01
-6.976792660774110288e+01
-5.227310165337560477e+01
-6.319853443603693677e+01
-4.324826739646783835e+01
-4.517896851024330829e+01
-8.515251477233115907e+01
-3.203245124572173097e+01
-5.352669053700045509e+01
-7.616204023055509253e+01
-7.033660305618094810e+01
-4.191778620467658811e+01
-2.039981710277714910e+01
-4.814612810954400857e+01
-4.870994238385753761e+01
-5.632481309264297664e+01
-2.372923464739768917e+01
-5.860711285917079039e+01
-5.538124271787893349e+00
-9.356110134581169291e+01
-3.274251875827179958e+01
-5.241429577324404931e+01
-9.077982278758724988e+01
-5.525231978482288753e+01
-2.727596751291628152e+01
-9.475118365955700028e+01
-6.014676890069560500e+01
-3.070548669970656874e+01
-7.987751472427868293e+01
-4.290270420883511804e+01
-3.205087495782265705e+01
-7.438999289799660630e+01
-2.694584386173099233e+01
-7.431747164566331776e+01
-3.014445478143615276e+01
-6.620216324317058820e+01
-1.003487852138208751e+02
-5.077372839808592175e+01
-4.894150518876298861e+01
-3.008387282115174344e+01
-3.194987325509472953e+00
-1.213581753155031606e+01
-6.272133226911194015e+01
-3.559510079873041377e+01
-2.308184238344136929e+01
-5.512045644534401845e+01
-6.266316600152059380e+01
-5.797911469926155803e+01
-5.431659461141827450e+01
-4.499444168326726867e+01
-5.222951405914250245e+01
-6.600423070253319224e+01
-6.447069920087272976e+01
-4.778311820611521199e+01
-5.031323627219899208e+01
-4.155255417704422882e+01
-4.925032768660908289e+01
-1.163057990533965835e+01
-5.006663505516423385e+01
2.132237461685207336e+00
-4.493233689888895555e+01
-8.143738642077347833e+01
-1.463368509747928101e+02
-4.528802002395441662e+01
9.225804570531877857e+00
-6.016785695091471098e-01
-2.012290691733583969e+01
-5.865177893651899410e+01
-2.032976737395692624e+01
-2.568349466761709721e+01
-5.982203596901321418e+01
3.063569698252126727e+01
-1.844588848335644116e+01
-8.943196199819041681e+00
-6.299564681878049299e+01
-6.892737667937360868e+01
-3.165741993912972418e+01
-9.035815041016590499e+00
-6.822740380805150551e+01
-6.266151025375452832e+01
-7.478407135144087192e+01
-2.871428604372231064e+01
-4.222199695429758037e+01
-2.240963879616855081e+01
-1.066526106723816838e+02
-1.553043047983892961e+02
-6.193973828523683522e+01
3.822361217043663828e+00
-5.361479275820105528e+01
-7.054131021888343867e+01
-4.613205469325363595e+01
-5.431853992981413626e+01
-7.367442620682430743e+01
-2.674607226408099336e+01
-4.500349714632146458e+01
-1.187065462364965214e+02
-8.859883229120299575e+00
-3.742559306256738694e+01
-8.963874613925923995e-01
-4.184517923248733950e+00
-6.108229689810946184e+01
-1.665872115768738126e+02
-4.879798574840805259e+01
2.028128414102880583e+00
-5.756461835461271903e+01
-4.180879577624074273e+01
-2.952808482161887582e+01
-6.632736536120927440e+01
-8.448048921098006758e+00
-8.211300186726009542e+01
-6.904343740757587966e+01
-4.797242133590991386e+01
2.358027577108175876e+01
1.497177299971497177e-02
2.866893944166662322e+00
3.117390271173781002e+01
-9.925955137726433009e+00
-2.715119891835516341e+01
-9.002271374335364840e+01
-3.883913785551176545e+01
1.046699665000923574e+01
-3.642324127639611220e+01
-2.458842703782036665e+01
-5.722226710183204546e+01
-1.443258936344597032e+01
-4.382672953101071300e+01
2.731659527598296222e+00
8.785534978529156547e+00
3.085294084209473908e+01
2.256393515354291424e+01
-8.184586587420454862e+00
1.119059324044465598e+01
-1.390015608172389250e+01
-2.855151152586596197e+01
6.393751668855330195e+00
2.630242253893482030e+01
-4.830989806895340166e+01
8.181325315587946534e+01
-1.987076218562907002e+02
3.989684440451890168e+01
3.345678372077003360e+00
-4.659452515298670505e+01
8.249292854053237534e+00
-3.732362266800841155e+01
-2.220496744405313905e+01
-5.529588764956102409e+00
-4.495805112931390113e+01
-7.233272562595277577e+01
-6.501870386393134993e+01
-5.819942655014546062e+01
-6.472816519594854867e+01
-1.107777815903070007e+01
-5.552117943517814069e+00
-7.884945009256070136e+01
-4.054996524366821831e+01
-1.564818802226457706e+02
-4.716511373962163134e+00
-8.001033075889210977e+00
1.232507914165628904e+01
-6.067023610930263544e+01
-7.514115686623318879e+01
-5.759646669506625472e+01
-4.976464479030730814e+01
-2.756053279905441400e+01
2.290230490873516089e+01
-2.506928518519403326e+01
4.866396720070429183e+01
5.013579025687357671e+01
-2.825061847056274189e+01
-1.162655908576098795e+01
1.048664877214190483e+01
-4.262157862957619159e+01
-3.549833064898034252e+01
-3.326826443960968049e+01
-5.363019728966328614e+01
-3.537071616246782924e+01
-6.168450981841431258e+01
-3.229912103811074076e+01
-1.545678375081910758e+02
-1.779588716420238370e+01
-4.437968178573642319e+01
-2.288643794827189026e+01
-1.707163296015210108e+00
2.699684241920587624e+01
2.786868690451582609e+01
1.619595823848602834e+01
-2.876955801002529256e+01
-2.034963637736504438e+01
-3.854025103649502171e+01
-3.655479267794736131e+01
-6.284714284141933405e+01
-4.170751694191602610e+01
2.936579930478018241e-01
1.670284750055759559e+01
-3.213218995692423618e+01
8.982278007610585746e+01
1.051615255530880404e+02
-5.995120842172002540e+01
-2.349707861163782923e+02
-8.019388764443186801e+01
-8.261272672179590870e+01
4.958016591325304034e+00
-3.289049245477154670e+01
-3.674870721974369303e+01
-4.025210113656169142e+01
8.752288963071636374e+01
-8.567556815470283027e-01
7.530269143612642324e+00
-4.603528367252819464e+01
-6.722806864633855639e+01
-4.458889367016060135e+01
4.710161277413209113e+00
-5.123393819165779917e+01
-1.713566549901565566e+02
-1.037314495782721906e+02
1.449674989854612761e+01
-2.722213475898396950e+01
-6.202722384949711909e+01
-1.951648361064245307e+01
-4.964228970081481407e+01
-4.604471206518256565e+01
-1.939550373729055082e+02
-4.313107045269757123e+01
2.611843090431921155e+01
9.321722734516700370e+01
-2.507387047518074041e+01
-4.029598003817814345e+01
-3.340651635043013812e+01
1.187621862042861522e+02
-7.062634314241350353e+00
1.037678346477673585e+01
-8.112591187847513652e+01
2.512012226146086391e+01
-5.788924941868557283e+01
4.169861918486688523e+01
1.162935820441526857e+01
7.144705486075324075e+00
-9.972131594819799716e+00
-1.661176287358571813e+01
-2.409571206242873487e+01
-2.436501256368685233e+02
4.634223799190868931e+01
4.257411582861891475e+01
7.835912193605935272e+01
-6.055816640465534029e+00
5.475362808773908796e+00
-5.297475701318930419e+01
-3.546814725042005989e+01
8.212787733220584130e+01
-2.334969093984886968e+01
-3.641552862820105929e+01
2.949030246388886667e+01
-1.493824590940712085e+02
5.049689774361638683e-01
-4.369882549958213502e+01
5.570917537865000213e+00
-4.054047413876850214e+01
-4.954350051351129025e+01
-7.584355269255253518e+01
5.757613311496613306e+01
7.865608162778900692e+01
-3.736620719455731177e+01
-4.191161775244717091e+01
-1.878812698489068111e+01
6.693824182256592792e+01
6.872773390196896059e+01
5.637455785583401280e+01
2.134686051842601273e+01
1.015233880733058953e+02
1.262765104964730511e+02
8.923080888847816539e+01
-1.539353299081417248e+01
-4.528804647210759526e+01
-1.267357703221303638e+02
-7.378631268860162606e+01
1.078416125570478812e+01
1.136351840131734434e+02
-3.941889360540169207e+01
4.662044832331787347e+00
-5.137093877055554003e+01
1.092839235008848391e+02
8.492000567201726824e+01
4.592127678861333884e+00
4.237776198493139646e+01
-5.517790082537743501e-01
4.294384578217758985e+00
1.345228165389093533e+02
1.157543887060601406e+02
1.271239735007522142e+01
-1.173433624020449351e+01
2.573536891011393735e+01
-3.707621296977512770e+01
-9.545026280229805593e+00
5.347769093889152714e+01
1.387182154303462767e+01
1.360498998264598640e+02
1.414868345091911124e+02
-1.598377118450945034e+01
2.930199703996191829e+01
-1.097033523139438671e+01
1.064068512189280113e+02
1.659914652178791528e+01
-4.098785466889056295e+01
1.488460118868313202e+02
-1.818879320968548541e+00
6.719601581597596862e+01
1.174092947370149602e+02
7.738666679822432570e+01
2.342206537579059500e+00
5.610341389111091814e+01
3.690625953268977355e+00
1.355404508192955859e+02
2.872757433135114979e+01
-3.882556808805323101e+01
1.343677448966503221e+02
6.920449409256568174e+01
1.359120618707431163e+02
1.330492965559199945e+02
7.713751673509270290e+01
2.639888725571727264e+02
2.732896354504887313e+02
1.207845751246873220e+02
1.426355766281141939e+02
2.276227039731718094e+01
1.198454368601512527e+02
1.248355785919496839e+02
1.206786035780391444e+02
1.632464092005426437e+01
1.029175118987038502e+02
3.719305971954725010e+01
3.653677222623429088e+01
1.345365094859522515e+02
4.237084073389459604e+01
-4.198958616841125036e+00
1.039911425259747375e+02
2.186794632445499076e+01
3.705180979778455708e+01
3.065319132448857431e+01
3.338706460750137239e+01
1.458498555131446608e+02
4.496774753997326002e+01
1.970672637078942842e+02
-1.331440151894028645e+00
-1.299137634346554364e+02
1.402759397692134087e+02
1.641462562768197131e+00
5.892215644627010818e+01
1.999693162089190537e+02
-1.366578060139607942e+01
1.221329262803890430e+02
1.432986181368686402e+02
-1.041717212183343122e+00
3.338974258306723186e+01
1.167774784142503535e+02
4.740494459778358305e+01
-1.065255091151821887e+01
-6.714723753145628393e+01
1.096995346418534751e+02
3.921611931186956213e+01
4.455156515209668555e+01
2.920197439785397364e+00
1.190541585957792279e+02
6.625427376708643123e+01
8.016221265624336922e+01
1.073031766773243447e+02
2.487371081292522490e+00
2.650108658996903159e+02
1.049853780474502685e+01
1.818044126592322414e+02
4.608991569948192080e+01
1.421587508572082470e+02
1.082242064801565391e+02
1.289811999513153467e+02
2.857817222140706690e+02
2.288922354622060595e+02
9.698708572190766120e+01
2.414050751179426300e+02
2.280017103621882768e+02
1.842114113414014298e+02
-1.377352974953190028e+02
6.332604110429723931e+01
1.734063934418007022e+02
4.549042871159457491e+01
1.806489630132119260e+02
2.017100491473694390e+01
2.430629893407206055e+02
5.617995693952142489e+01
-1.379923109847998433e+02
-3.589984991126112135e+01
1.957252622623180969e+02
-1.032197560032194446e+02
2.582533312640913081e+01
8.144368802612463298e+01
-1.826166704813275601e+02
9.532693364107713307e+01
1.021125957694109445e+02
5.762531408167740210e+01
4.530449051655665471e+01
1.725357589342587801e+02
2.378881429490319306e+02
2.693261167359164574e+02
-8.461858306005062502e+01
1.922522993195096319e+02
4.876697842747770295e+01
1.698195976850164470e+02
1.019389454968794837e+02
2.229681695812627140e+01
1.109274723872624691e+02
-1.430583166654820104e+01
-1.166020156935337582e+01
1.087578058166736241e+02
4.549655462015906693e+01
1.164644133102262060e+02
4.178806404722317325e+01
8.965077017323056907e+01
2.302898766524855034e+02
2.502217945956811036e+02
-7.064395688310931121e+01
6.763971952190608761e+01
1.768235794162177399e+02
-6.602379757730982135e+01
2.189139934421419298e+02
1.822199073916536349e+02
-4.456561900870642035e+01
1.031486674278048241e+02
-4.508837996952905058e+01
2.618984062256610059e+02
8.063141879297201342e+01
2.162188791987527736e+02
8.228401178855430942e+01
7.881234249815113913e+01
2.079691937803509632e+02
-9.884585993839078810e+01
6.776987479119610214e+01
-6.557787771536190746e+01
-7.126368769389547708e+01
8.041002259090213045e+01
1.058550217955167341e+02
2.824655638986215536e+02
6.208861068373929015e+01
2.599588846290010906e+02
2.626661782209280318e+02
-6.769906837636598596e+01
2.504591550633160182e+02
2.236273318253758475e+02
2.605622324340683917e+02
2.406700915497391975e+02
2.554542583823069322e+02
2.916818242381283426e+02
1.835044350817517511e+02
2.287333502779187313e+02
7.429918117491254748e+01
1.637668040740420849e+02
-3.854952919006814227e+01
-6.215444646636938408e+00
-8.399514489974475140e+00
1.293520792080890089e+02
-2.664098602063951660e+01
2.602207339046560719e+02
1.893877896519626916e+02
2.198380879744029812e+02
6.919865429878669261e+01
2.695460035670215575e+02
2.640363100142121198e+02
1.661231072585372459e+01
5.293924795429188634e+01
2.206068500334471878e+02
2.649350327050584610e+02
9.697767317866473036e+01
2.387069844815237616e+02
1.578405349236244319e+02
2.143770822949893784e+02
1.953035319602823350e+01
2.166814745708488203e+02
2.595474880320874718e+02
2.705540842713014058e+02
1.891766325888897313e+02
1.385065252301865826e+02
1.838039352911590356e+02
2.577225157433206277e+02
2.798791711546763281e+02
1.705183977898816750e+02
2.475606375420013308e+02
2.441552840612793602e+02
-1.310661433537090090e+02
2.071746603829861613e+02
1.989322889267880043e+02
2.432200633548762596e+02
2.598132709333818866e+02
2.358874014574090268e+02
2.032780962347231934e+02
2.613675374391185642e+02
2.521055150295763667e+02
2.060784676167081386e+02
-5.104401424983393554e-01
2.792547210892211069e+02
1.949245335962483523e+02
2.517773553384472507e+02
2.267525177241278413e+02
2.197566201054790724e+02
1.356325489168291654e+02
2.732140886715290549e+02
2.193924406228985617e+02
2.191726472939782298e+02
2.736796602904972815e+02
2.516665434632348877e+02
2.547882425900719454e+02
1.596353202786337704e+02
1.862146811700649209e+02
2.229382333527872220e+02
2.519494901270558103e+02
2.112965367147314169e+02
2.174548358164022943e+02
2.865720201555649282e+02
2.399022011020063019e+02
1.630689738910676283e+02
2.704085250872610118e+02
2.318842356358180439e+02
2.648528350053931604e+02
4.782229337270922542e+01
2.624752670343668797e+02
2.665162001051304514e+02
2.436387726928904556e+02
1.901165322123951569e+02
1.863850511389255757e+02
2.659570929603208000e+01
3.147076100574036559e+02
2.467949781858181950e+02
2.243706552517011517e+02
2.441618820032700512e+02
2.319720455346828203e+02
2.545782046328538968e+02
-2.512239232492078145e+01
2.042453579674966022e+02
1.842777347028095107e+02
-2.222487057775129315e+01
-7.969329030752557053e+00
1.480182337852183707e+02
2.613285562285796573e+02
2.665839140671341170e+02
2.198631372287516115e+02
2.257274694230199827e+02
-1.162284958289588133e+01
2.616463210449294365e+02
1.729191840387736647e+02
2.540074384682077948e+02
2.498072387585501133e+02
2.721479476985757628e+02
2.664287406453864833e+02
5.178929153070821911e+01
2.089919392462801966e+02
1.960293116177140007e+02
3.130356784775638062e+02
3.809706339541207853e+01
2.736514585125798931e+02
-2.291140547794979554e+01
2.359289543243331195e+02
2.510566531500190308e+02
1.944477464200031704e+02
2.190765962717548021e+01
-3.577228798252784259e+01
-2.078766197610188442e+02
-3.305001295906106407e+01
6.964572471724015390e-01
2.086986883238489554e+02
2.457222025098097902e+02
2.171154248661942461e+02
3.027526349008336979e+02
5.741585745508424310e+01
2.582205289663246504e+02
2.772962974790229964e+02
2.842788876633493373e+02
2.319375311882062647e+02
1.866089095087224337e+02
2.950744220901070776e+02
2.309940518999392225e+02
2.381778719145904120e+02
1.539427460091687649e+01
2.776316470952274358e+02
2.324735106025823370e+02
1.789390606396565886e+00
2.023214729150063818e+02
-4.983384902109158787e+01
2.874963811818940940e+02
2.706107192193577475e+02
2.739674754087752149e+02
2.473187528136372748e+02
2.470702189259914690e+02
2.499141641617214304e+02
2.092942825557009030e+02
2.483425844324017078e+02
9.960237316113821748e+01
2.656051365015676993e+02
2.626840887293237756e+02
2.666272581230107335e+02
2.682603304441233831e+02
2.427033367739885250e+02
2.819784536956613010e+02
2.761263472509435246e+02
2.486846163917631998e+02
2.270534111853963282e+02
2.352013391716387218e+02
2.482171877920965528e+02
2.686079725152064839e+02
2.644378287867094741e+02
1.608678142808136045e+02
-4.626830910485296044e+01
2.138830010300536628e+02
1.676670731907991865e+02
2.660102282819914308e+02
2.513652228000822504e+02
7.914806154875279276e+00
2.546388217105657361e+02
2.523467480744191391e+02
4.720935122829601482e+00
2.897192883660831058e+02
2.610719217065537805e+02
2.646844460176060920e+02
2.733651067469346003e+02
2.347789288325827783e+02
2.694658494539835374e+02
2.602465461708322891e+02
-7.530716437138288200e+01
2.335592618918890651e+02
2.145716190911505521e+02
2.497726105022480851e+02
2.725089314149507231e+02
2.390685004067413217e+02
2.591825351480060817e+02
2.665135003237201659e+02
2.331602159820778581e+02
-1.376290340759772732e+02
2.718398398194318588e+02
3.879257290020751725e+01
2.899738251782940210e+02
2.364776351768514644e+02
2.838295226044092487e+02
2.598122444798988795e+02
2.542490543066678583e+02
1.761788322868645196e+01
2.440654398927399029e+02
3.041881101317471234e+02
8.183835692058735845e+00
2.659212693621255994e+02
2.528777489780767951e+02
3.891645837291315502e+01
2.445644231561236097e+02
1.413449251761636560e+01
2.417542712717265658e+02
2.703739827508015310e+02
2.810815955733284000e+02
2.276849140116564172e+02
2.593403928312536095e+02
2.692158871779049605e+02
2.418168459796026752e+02
2.620875132880308342e+02
2.761419060527632041e+02
4.764966384104167219e+01
2.385929418146882597e+02
2.925912267445330599e+02
-9.311787886917713308e+00
2.731068731526382862e+02
-8.450616001323822957e-01
2.047406886033554088e+02
2.418306785119955862e+02
2.548240642448006383e+02
2.686787175233005200e+02
2.333767514286309108e+02
2.705725528838766536e+02
1.840877386425385964e+02
2.776510134750324141e+02
2.102435323210501110e+02
2.962955092695392523e+02
2.571130444061091112e+02
2.772061004026577393e+02
2.832852940520903644e+02
2.457960662325716896e+02
2.667190056214859624e+02
2.854306991444535697e+02
2.541015386282693100e+02
2.565651895649240259e+02
2.954257800425106097e+02
2.907633967321429509e+02
2.699743850432131467e+02
2.640729875692588280e+02
2.128757713884451164e+01
2.435471442260724757e+02
2.843156673451650818e+02
2.595846257555922421e+02
3.052538008269294778e+02
2.679614991437733806e+02
2.732167397503659458e+02
2.712648495054139630e+02
2.650149342785182398e+02
2.705805701069299403e+02
2.482183552097911274e+02
2.524619515850375251e+02
2.905719964191231384e+02
2.895390946686783309e+02
2.884463669410862963e+02
2.633473638162988664e+02
2.642952967344382387e+02
2.226615417231759579e+02
2.657930383392797467e+02
2.429505307173789674e+02
2.731462200595472041e+02
2.574414869023815413e+02
2.645781428966447493e+02
2.423954561584200178e+02
2.783011621508505868e+02
1.787198341477849226e+02
2.836832195984993632e+02
5.887491870547938788e+01
3.197094060631929437e+02
7.212288389196601202e+01
2.534942666802409406e+02
2.191537167068032090e+02
1.389104824837880869e+01
2.601882118265320969e+02
2.849276772976656389e+02
2.439646431060195653e+02
3.174803031339777704e+01
2.365219251813320511e+02
2.126825034753057366e+02
2.692248562177126132e+02
2.733994314007932758e+02
2.905539066429419108e+02
2.812641753446454800e+02
2.795223865230547062e+02
6.512641214759611330e+01
2.883145245471588396e+02
1.205060439934654966e+02
1.015106520470114475e+02
2.146693941921171813e+02
-3.577708582744647003e+01
2.342648204263994671e+02
-5.669732269162545890e+01
-6.189858549937280685e+01
1.770621702657421395e+02
2.766871680100863955e+02
2.830584118873381385e+02
2.643235802173257412e+02
2.442393192265996618e+02
2.546868531866211924e+02
2.176228445718382716e+02
1.628735309987141591e+02
2.009322931448519682e+02
2.551166433456351115e+02
1.238512380876704810e+01
3.219344922165350908e+01
2.408627225444418798e+02
3.218871505607000927e+02
2.349288486025970997e+02
2.737520723848343778e+02
2.042190171363542959e+02
2.696705556977804008e+02
2.839411631761971080e+02
1.538136034831445613e+02
2.669578830802641960e+02
2.418711515643945233e+02
3.040727238263299341e+02
2.900533611090576187e+02
-3.399082430381824338e+01
2.270978853500509445e+02
2.651022680653910015e+02
2.674179414251839262e+02
-2.516536490196085651e+01
1.802751948078335431e+02
2.825969293217096947e+02
-4.218703133336600786e+01
2.366988016875247638e+02
4.624587547678254396e+01
1.310657444239263612e+02
2.543922409121260557e+02
2.459526076161974686e+02
3.022196782212653261e+02
-2.525074504704841161e+01
9.799228038943381591e+01
2.451218324983320258e+02
-2.110227137741121339e+01
3.026389392046725675e+02
2.685533364062573582e+02
2.791428762844363405e+02
3.376477762160405405e+00
2.670547936517854168e+02
2.381939306376297623e+02
2.428312543387616813e+02
2.737481751413890834e+02
2.654354595538481476e+02
2.948172821690708361e+02
2.435978101429617766e+02
2.594157744237210181e+02
2.731947083455537495e+02
2.576977497492229077e+02
2.291122885380239325e+02
2.791292206010155041e+02
1.654035884599377937e+01
2.757426525449170640e+02
2.418453789551594184e+02
2.504275372616686752e+02
2.327229027147248530e+01
2.343192178710658027e+02
2.646504766330726284e+02
2.538752319010341978e+02
3.158531032522955115e+02
2.373213168799406390e+02
1.810489403591531641e+02
1.984874497882921105e+02
2.222343679036042658e+02
2.562937766976580178e+02
2.410803072754539755e+02
2.858571926825472929e+02
2.167801569725698414e+02
2.651047339099087026e+02
1.707663631490551381e+01
2.946070771903740706e+02
3.033666342256931330e+02
2.439504390328731347e+02
2.729943148953877881e+02
2.660181493537263577e+02
1.887980598592845922e+02
2.502588855928049725e+02
3.993551621776525451e+01
2.825960931309883222e+02
2.869250686683037657e+02
2.710794750890336218e+02
1.119501636636113204e+02
2.607454807153862930e+02
2.372201189777132129e+02
2.212050886389138498e+02
2.652603016275406844e+02
2.477510793420049424e+02
1.854054032781007777e+00
7.601558709144171644e+00
2.251957446051146974e+02
2.881402727308534395e+02
2.499081915770125875e+02
2.548285256030218591e+02
2.278504360378700255e+02
2.816039150416345933e+02
-4.158306611411725839e+01
2.690311737575543702e+02
2.658475854003226004e+02
2.934151783190155811e+02
2.346851890201243691e+02
2.407117342013224857e+02
2.271706029669086888e+02
2.056923506228114320e+02
2.320327959152218114e+02
2.309631466771986652e+02
2.531434145877109927e+02
2.016455128456316857e+02
1.278859088577805494e+02
2.421982784192871350e+02
2.500270309543515737e+02
2.385666732744498404e+02
1.800438787636224447e+01
2.845534018850908069e+02
2.207414556732110213e+02
3.026005684029339591e+02
2.817681469396720217e+02
2.657792561012463466e+02
2.661199970982802938e+02
2.600468065210369559e+02
2.861328215602613909e+02
2.540609209005679929e+02
2.528079397948452254e+02
2.636184099734290385e+02
3.470566319990152238e+01
-6.910503247833574392e+00
-4.543608342733449490e-01
2.545123074009744926e+02
2.545913655399962465e+02
2.740032414235704437e+02
2.494867747965712397e+02
1.489053488570705497e+01
2.394045391024224045e+02
2.826702461778425004e+02
2.403498929379239826e+02
2.398017705006762128e+02
2.796345028973319131e+02
2.724142089437804088e+02
2.666977012689886806e+02
2.723225460116735803e+02
2.652172253460593083e+02
5.712203427559117586e+01
2.656938237507671374e+02
2.542873321506164075e+02
2.526320769589254098e+02
3.043188853276391228e+02
2.487810053817831886e+02
2.547864719627267220e+02
2.588920868196340734e+02
2.270769944201407782e+02
2.952628957665616554e+02
2.599231450616940720e+02
3.122621863776024611e+02
2.397293608912422087e+02
2.507392311890593817e+02
2.339355720829999541e+02
2.468282545736347515e+02
2.233988537211388632e+02
2.417893326436834798e+02
2.958134725811295311e+02
2.370024772217505244e+02
2.594212830639162348e+02
2.550475946342701263e+02
2.572905910834261931e+02
2.308446313576110072e+02
-1.028444758153604255e+01
2.511763460696043353e+02
2.099972532107019560e+02
2.491447971966677528e+02
2.750799208611014137e+02
1.915091697275720151e+02
2.403785960880150867e+02
2.340873402231498801e+02
-9.158986490657400736e+01
2.815741341828749000e+02
2.934448920135733943e+02
2.504342566897192910e+02
2.394775267494075877e+02
2.851088450589108447e+02
2.541306305962791612e+02
2.661190362736857651e+02
2.534169442707596431e+02
2.392840829035754098e+02
2.586770827797190577e+02
2.347858753645253103e+02
2.846928634834620198e+02
2.422002340458037111e+02
1.749671072837208783e+02
2.554365732770250474e+02
2.583373562762555480e+02
2.865862021620073392e+02
2.539095549319172562e+02
3.116465424251334184e+02
2.828206011339443080e+02
2.521506832407876004e+02
2.832311526849646839e+02
2.510709631861580533e+02
2.926533323935664725e+02
2.502887239609874541e+02
2.745213564543388998e+02
2.534141304145088043e+02
2.468800064005236550e+01
2.721059333818307095e+02
2.503096975611241817e+02
2.392364247532706543e+02
3.901774059177625986e+01
2.574425948209536728e+02
2.862805590400903384e+02
2.196379391357925499e+02
2.770702769088763944e+02
2.836865010782199761e+02
2.829166695589594838e+01
2.745836797004412801e+02
2.554701779900105691e+02
2.243477373797941823e+02
2.886648185700116755e+02
2.735747677805283047e+02
3.279880500236546936e+01
2.996339362607178600e+02
2.253890806539635605e+01
2.632763472593095457e+02
2.569965971702253000e+02
2.824886408997485887e+02
3.200191089844989278e+01
3.228906133470707118e+01
2.937931753275049118e+01
6.102277674411141106e+01
2.797100716143511931e+02
2.308726527927350674e+02
2.852972109253518056e+02
2.681945829740287763e+02
1.872117709862637867e+02
2.313851207367133043e+02
-2.894817212519416216e+02
2.625298789451704238e+02
2.611548703774566320e+02
2.626085903088385294e+02
2.595658574744392126e+02
-1.559188887289398622e+02
2.577199960764753541e+02
2.390198626207611312e+02
2.458265596858279309e+02
2.789362534690405937e+02
8.872679526659197791e+00
1.715610224719662824e+01
2.696548502416834481e+02
2.330996903098811401e+02
2.784212049462696541e+02
2.637827208270144297e+02
2.629387241452545823e+02
2.759436341757964328e+02
2.608124874346435718e+02
-7.270525716424174334e+00
2.560696019399957777e+02
2.539813988934643874e+02
2.231179473743655990e+02
-1.679452299661073766e+01
1.711045697519919031e+02
2.256485628453980894e+02
2.819211302990871673e+02
2.506068675627638811e+02
1.655964468581091751e+02
2.850519628736370237e+01
-9.043151319573894398e+00
2.802653024311317154e+02
1.017971788652909453e+02
2.531679506260793175e+02
3.008652051308267801e+02
2.422877953920301195e+02
2.684063687647389997e+02
2.416474033271264545e+02
2.797258626647961819e+02
2.820412085926113264e+02
2.675770788548940686e+02
2.743678154425532512e+02
3.035895019442480134e+02
2.671160106561413272e+02
2.773552007536222845e+02
2.866688923929433486e+02
2.588339565835748886e+02
2.601487751361241862e+02
2.603169460447087431e+02
2.230905393801180310e+02
6.190741008684278768e+01
2.628747115514755706e+02
3.082981309069486997e+01
1.821020013946059350e+02
2.665085323197320122e+02
2.544875164751365730e+02
2.753543781187034938e+02
2.430465091433403870e+02
2.780265762987236258e+02
2.566022634736987129e+01
2.811973689853248288e+02
2.525398351408779831e+02
2.649640919078366323e+02
2.468259355524577643e+02
2.745312012085926199e+02
2.814260583363889623e+02
-1.294223852742882741e+01
2.491824321895228138e+02
2.363940361080643981e+02
2.807302641229388200e+02
