-2.483517872029445925e+02
-1.005695504929280730e+02
-1.218385626267220374e+02
-2.270875917133263329e+02
-2.374656080665845934e+02
-8.004374498749689337e+01
-1.000369162374161078e+02
-2.157188561633149391e+02
-2.987724010824397283e+02
-3.114982647587191877e+01
-3.991620582042277476e+01
-4.043266567871871189e+02
-3.376549485059147173e+02
7.072103911351013039e+01
-2.561665131616797453e+02
-1.635557164961747958e+02
-8.236998998331087307e+01
-2.705466232787275089e+02
-3.067608058805989799e+02
-6.929518184047877583e+01
-2.670604879813417369e+02
-7.187345054843267178e+01
-2.737978751413279497e+02
-2.597852858639223541e+02
-3.104905075932723548e+02
-2.789618545026329457e+02
-2.463014308277703321e+02
-3.474796627049563540e+02
-2.829907560721242987e+01
-9.752130962617545151e+01
-2.339901771221622084e+01
-1.654725487871868665e+02
-1.587918884999200486e+02
-1.930380324175047235e+01
-1.247073809722337216e+02
-2.667035127737719904e+02
-1.468864541066849654e+02
-2.495300985634788447e+02
-2.762229921470549812e+02
-1.429752142756095736e+02
-2.576819125482535355e+01
-5.123174077641310475e+01
-6.304160810280326643e+01
-2.158519349865927666e+02
-5.925866616409970078e+01
-1.125681642051013682e+02
-1.014060646373140600e+02
-1.103592841780337039e+02
-1.553935178453143635e+02
-8.652412709582503680e+01
1.509586804109044635e+02
-7.079759393589796446e+01
1.924866454134681959e+01
7.821595888434403321e+01
5.812331330336247959e+01
-1.750481867812029293e+02
-2.942318174268065434e+01
-5.922375028498213823e+01
-5.007723814447349753e+01
-5.728007686838466128e+01
-1.563876156894739893e+02
-2.279658762893914172e+02
-1.452422816227626470e+02
-1.423589854833841173e+02
-7.024988932549644005e+01
-1.328214894410163822e+02
-1.282896101932458919e+02
-8.121325463828281954e+01
-7.644743420281571389e+01
-2.245880545160138411e+02
-3.048325254516819314e+02
-1.250392327587092893e+02
-2.415687226365620859e+02
-1.180469604076239136e+02
-2.218302914263854291e+02
-1.806591535817555609e+02
-1.979671390074870487e+02
-4.260767186992782172e+02
-1.287541902573755976e+02
-2.559990721248603904e+02
-1.113571517513395861e+02
-3.710553698657698192e+02
-1.044913415110557224e+02
2.567499444459996312e+02
-1.542549087943119446e+02
-1.003704534201681753e+02
3.500842902826558145e+01
-9.316925313225533500e+01
-2.059405230144436771e+01
-8.057273297248168831e+01
-6.617582400893851968e+01
-6.928642002191945437e+01
-1.173318849258630650e+02
1.608438701098672539e+02
-9.735272457464279228e+01
-7.790165068242694701e+01
-4.682869013408688375e+01
-3.892332042855856855e+01
-6.031294518107695524e+01
-1.620698919814092278e+02
-1.081324730561400713e+02
-8.945311142490625755e+00
-1.393743653915283573e+02
-4.090271245857151428e+01
6.754803941372854226e+00
-1.308579070106458460e+02
-1.955629270587045099e+01
-2.008389935629860759e+02
6.378598931795811211e+01
-1.452142738020817774e+02
-7.550286376118877740e+01
-1.278188577553554666e+02
-1.052533063373416269e+02
9.072591188027016074e+01
-1.045933261588566552e+02
-1.026983299308334523e+02
-1.580196525875700786e+02
-6.604083622726177794e+01
-6.588769619115626597e+01
1.083980330253456117e+02
-9.659874768620500163e+01
-5.572950915364476288e+01
-1.018878702232812827e+02
1.345297360934482640e+02
-9.995086433461179354e+01
-1.644516215346322952e+01
-1.187852612603262372e+02
1.799227882653752317e+02
-7.290871250948129045e+01
1.392375757629638997e+02
-1.188126983060459168e+02
-5.875046906161739457e+01
-8.031879927966427601e+01
-1.166485061392986040e+02
1.966471334496875727e+02
-6.312382798254944305e+01
-1.048458359268595785e+02
-9.623102944036730833e+01
-8.256676210290144979e+01
-9.947203363172825163e+01
-9.603068692267207496e+01
-2.697923491405467189e+01
-7.467251758468790968e+00
-1.059561460317207207e+02
-9.641120820756412968e+00
-7.765390587541546097e+01
-7.669832941694807005e+01
1.477017952181473390e+02
-1.062975018839207308e+02
-4.169303938959904343e+01
-7.901497338953953431e+01
-6.936850995886987903e+01
-1.517377408338030023e+02
-6.924338942940578079e+01
-1.307837709961387702e+02
-1.331830214626632483e+02
-1.491981640764832377e+02
-7.541514089309049496e+01
-1.395305103547204340e+02
-9.975978913489160504e+01
1.930555392137999604e+01
-1.461498714706497140e+02
1.997637656944991420e+02
-2.242584960202070476e+01
-1.585166439916523586e+02
-1.215850888019038223e+02
-1.441064201754518024e+02
-9.432708920781384165e+01
-6.809995847283640558e+01
1.420719564637704480e+02
-3.773519115118986633e+01
-7.598486604627495922e+01
-7.004458208173031153e+01
1.379194229509899401e+02
-9.704464565470021853e+01
-5.830117111788769080e+01
-1.024199205468908502e+02
-1.381526815912473012e+02
-2.980162130401085108e+01
2.221979571509168636e+02
-1.657598230799021621e+01
1.613727773624304973e+00
-4.394331893346536333e+01
-1.103412330055866164e+02
-1.054806810120863503e+02
-1.028495394699533279e+02
2.932042854239809913e+02
-1.623155072696596335e+01
-5.875765826878563303e+00
2.257077873552293568e+02
9.824558447265069105e+01
1.170300400399256091e+01
-1.184653156570300041e+02
1.679505437597910031e+02
-3.254443494482627841e+01
2.236116561798304758e+02
-1.101950202226486226e+02
-1.014632942825390245e+02
1.127599273823487493e+02
-5.986130382925602333e+01
7.911723529753052730e+01
1.564629549940151776e+02
-3.009464783621713480e+01
2.511908329909969382e+02
-5.265088161081256146e+01
5.856627429126078255e+01
-5.605689486767899155e+01
1.150339372590387939e+02
-6.070791977620326918e+01
-7.073855177516125536e+01
1.832911375130018428e+02
-7.160266377407083382e+01
1.247109320515879460e+02
-3.423056422931689013e+01
-7.723353171479189427e+00
1.304743606468142048e+02
-1.522681476361369164e+02
2.017195687978085630e+02
2.284083817917176304e+02
2.521077554269113818e+02
2.295599023524064251e+02
-2.254010215939483430e+01
-1.610332424192887402e+01
-1.719515351956604832e+01
1.664896111664217244e+02
-7.578512014788294948e+01
-5.008402021008168958e+01
1.791704217749695545e+02
2.080854115566665712e+02
1.674854407331485788e+02
2.166646272200015915e+02
2.068622801056558842e+02
-1.190421664774989239e+02
1.229559209072803156e+02
1.108311995049051575e+02
3.095856307034594579e+01
-5.703183512060363114e+00
-1.300247187560661644e+02
-1.093036069901124563e+02
1.555647887362453616e+02
-2.057043630979110560e+01
-1.049994138854946044e+02
1.322925881614705759e+02
-8.576180716371638368e+00
-4.163054550877058091e+01
1.756920204509704320e+01
-2.549558687085578867e+01
-1.053915351176121078e+02
-2.290996767921467381e+01
-1.995706108281510183e+01
1.304367478540182788e+02
1.197996800733373419e+02
-6.957349067424645739e+01
-5.750586224194445606e+01
-6.150379550688285946e+01
-7.850937932187214585e+01
-2.543666608366841331e+01
-1.172681580718152361e+01
-1.389758265289657402e+00
-1.923457207568181104e+01
-6.445933705558928750e+00
-4.818762894052497359e+00
-1.073420437038330988e+01
-1.796852157158704699e+01
-1.890800425287136477e+01
-1.043369451556047096e+02
-1.501184961493592596e+01
-5.602479707209793247e+01
-9.814258142672362339e+01
-1.401739327740659746e+01
1.557169679832800568e+01
-2.637048352102549131e+01
-6.343806501663726749e+01
-4.850249529502734447e+01
-7.974760112305753523e+01
3.670377429578749684e+00
-4.344337025167297384e+01
-8.070825423332365744e+00
-3.970067013143300017e+01
-8.333507565681202323e+00
-8.847920207877538701e+01
1.591941067391823594e+01
-9.921690792833130956e+01
-1.168603426184014324e+02
2.433476128838265709e+02
1.691029363248841264e+02
-3.665297736790378735e+01
1.805753260940078064e+02
-3.704517459090713771e+01
1.255429905160228827e+02
-8.317145381084415590e+00
-1.985156079342141311e+01
1.084573155720729147e+02
-6.545254654904944402e+01
1.742457197722282558e+01
-1.077496964127092838e+00
-4.247157484923592108e+01
1.476830539138086351e+01
3.107746947786040437e+01
-1.035231907292331357e+02
-3.335240030600225225e+01
8.317446012115553344e+00
-2.686621552341028973e+01
1.766206430020574203e+00
-3.063086981117650964e+01
1.766789962920801429e+02
1.954178191912471902e+02
2.524934931126831827e+01
-2.944772180788918092e+01
4.164127210252345890e+00
-2.558711055366201492e+01
-6.960783632089962225e+01
-1.061590773996720998e+02
3.233696425743914915e-02
-2.690759089641730384e+00
-1.401450866956763264e+01
8.967337797337748384e+00
1.658059959605721190e+01
2.417888603045938112e+00
2.051883633583339872e+01
-1.829031202011164225e+01
-1.354436899140768560e+02
-4.816320912281673827e+01
5.812978530350818573e-01
-3.578425773796816145e+01
3.679152121842491852e+00
1.346085583638422634e+01
-1.826110670766512101e+01
-9.295982998697959943e+01
-9.008594731919862397e+01
2.361072143083788433e+00
-4.323001405654284923e+01
-5.466630084219971764e+01
-6.627986003896546663e+01
-1.013666875959790303e+02
-4.317313696570265336e+01
1.857916577148184274e+02
-3.600714839778602538e+01
-3.988313107073257413e+01
-2.824253381776173910e-01
-7.395893103857261508e+00
3.420561424022650954e+00
2.579988212348283696e+02
-4.397955367693008100e+01
2.045738378927873100e+02
-2.667768913094644745e+01
-4.251644897040839055e+01
2.852990180906076034e+00
-1.418369807968549878e+01
8.156611896851302390e+00
2.515353695755045749e+01
2.582703578626120589e+02
-1.955635194992952108e+01
-1.830779365196455899e+01
4.965872844015748910e+00
-2.838887856517017383e+01
1.067453864662275009e+01
1.418230485724261314e+01
3.417925929192335843e+01
-3.248842703286001665e+01
3.808326150054838877e+00
-3.548711418629497416e+01
-2.558242072800423728e+01
-1.021641753956436105e+01
2.177801733807073958e+02
1.548022313680499451e+01
-6.964330226735742713e+01
-7.694043850159744125e+01
-3.326179893128164622e+01
-1.213878977312604945e+01
4.008584743680376050e+01
-5.781226848588957523e+00
-3.276953506083405898e+01
-1.454520558152719900e+01
2.030948637873084408e+02
1.726039594877292416e+00
2.081941493524174973e+02
-6.389461837998169358e+00
-3.174232089575995985e+01
2.804189686922831584e+02
-1.814582209484859732e+01
-3.993773031974264143e+01
1.582398133151987736e+02
-4.516282995840138881e+01
2.226687228376840721e+01
-4.600326675261901244e+01
-2.491195804774442024e+01
1.259229103182967435e+01
-8.267736780830227872e+01
2.177552188360692469e+02
1.020249436502419371e+01
9.536955119842829731e+00
6.832837888632639078e+00
1.718661474051569371e+02
-1.025069829094705938e+02
-4.173107559295260671e+01
2.389831933226824106e+02
-5.058595923674884887e+01
9.125592480555241082e+00
2.116773036730513695e+02
3.566674458365571354e+01
-2.434432248060968504e+02
-8.128423458453923445e+00
-3.804661693115836840e+01
-3.860433255637883576e+01
-1.737234607831676669e+01
-7.297033727884624454e+00
1.619467976276416721e+02
1.066008317502302560e+02
-1.543783856508272834e+01
-4.540549849599413790e+01
-4.509170372725515819e+01
2.916612044941870181e+02
1.043277250115870913e+01
-3.109696881632584109e+01
-5.108000260137090720e+01
2.276064458536880011e+02
1.537102074550984412e+02
-1.503297202427584978e+01
1.911219726135975634e+02
-1.188326785018371936e+02
6.409262249443462167e+01
-5.200877398235297022e+01
2.410195329619392908e+02
2.107301349020085013e+01
-4.839525062182982396e+01
2.241883556638803157e+02
-5.010824773045555958e+01
2.172147933377808329e+02
9.632963063789759417e+00
4.641106177500087426e+01
2.053059177450333550e+02
1.571361362016583030e+02
1.692585968931051923e+02
-1.637258658192392602e+01
-3.383226297410973160e+01
2.371172433200550529e+02
2.280529072965697708e+02
1.885397566908669944e+02
2.830252009551949754e+01
1.981241623280130000e+02
-4.225837261001100131e+01
-2.339304310270572174e+01
-5.635662670193932655e+01
-4.004680591892802255e+01
-2.793246819631608702e+01
2.237203372100019578e+02
1.544154540211554263e+02
-3.139458998583042160e+01
-2.397892661880040066e+01
8.645393189451525018e+00
-6.350614590229721301e+01
2.311809219400595623e+02
1.012506258067475962e+00
-8.874239368377089932e+00
-7.564669086391647568e+01
-4.003088348318541989e+00
1.522522054286554862e+02
-5.388435883494820189e+01
1.838791407766779571e+02
-4.892269903702433709e+01
1.865132609814278055e+02
2.297000854037327713e+02
2.102247857339507391e+02
1.742544279903948734e+02
-8.236165630012440886e+01
2.601299457413466598e+02
-4.460824921598076287e+01
-6.535542985328291365e+01
4.861628642537150213e-01
1.065015292574322103e+01
1.825281571601646533e+02
-3.067832049251707005e+01
1.421392812515838955e+02
2.378391810396778965e+02
1.146069702861518209e+02
-4.722516175703317032e+01
1.588482853865747870e+02
2.330146359586869664e+02
1.536710216925206707e+00
-6.950636265639010958e+01
-6.061702759479035052e+01
4.956079815618286943e+01
-3.266466995065650281e+01
1.180741288086659324e+01
1.349544849346944204e+02
1.379571686449856998e+02
2.630227289118417957e+02
2.071659543340537084e+02
-8.966217167390922782e+00
-1.952647079908691907e+01
-3.451662106256584650e+01
-2.554297413200924893e+01
-1.261743941731882614e+02
-1.687983754292294236e+01
2.286907554633451127e+02
-2.276961947553640542e+01
-3.701910893804669911e+01
-2.455263828111986957e+00
-2.345153945627055592e+00
1.188975853175089092e+01
5.722815619694521239e-01
-3.493690086492367897e+00
-5.569847464171524365e+01
-8.935671179350443971e-01
-2.062430795327579958e+01
-1.463804642600125305e+01
7.010204664396819396e+01
1.507882975412408477e+01
1.773214852795682077e+02
-4.351848290174726230e+01
1.707997006854026267e+02
-3.421087647889159911e+01
-4.121581380185975263e+01
-5.713501739771843546e+01
-2.325617768456791623e+01
2.118508060224615974e+02
-4.005349399375126040e+01
1.283910328221168697e+02
-3.287243271385416676e+01
-2.654523856511679369e+01
-4.098851659906949862e+01
2.217450532406394643e+02
2.400091385624303655e+02
-4.956872522362993294e+01
-4.411089369268577087e+01
6.821195552129121431e+00
-2.589504784495333567e+01
-1.611358087338912171e+01
8.379718680044062395e+00
2.453173370291286801e+02
-4.021321676130747313e+00
1.591429153941717800e+01
-3.761701533805061892e-01
-1.494312066060865263e+01
-5.844437185436761162e+00
2.769247570225105051e+02
9.938252166660298315e+00
2.204997754086792838e+02
5.140299314552888177e+01
-6.184308115447846532e+00
1.298152142309653811e+00
-4.486944145675326467e+01
-3.373023305787735637e+01
3.170320297817177391e+01
1.993650483153009390e+01
2.649283628130485795e+02
2.044309979249067055e+02
2.810069930157683302e+02
-3.321359465303177050e+00
2.009019620409670210e+02
1.042090242587732121e+02
-2.943047077779767662e+01
-1.639320425024263983e+01
-3.173432670704794489e+01
3.204263436287817512e+01
2.702004643454648658e+02
-4.087840075157194164e+00
1.769342813066731139e+02
-1.246845950679626469e+01
3.196483489661558863e+01
-1.145349892582923523e+00
-3.112194633301879776e+01
-1.169034440330747771e+01
1.368801562695367835e+01
-1.573636539704413373e+01
3.525982698385068392e+00
-4.601213845017882420e+01
-1.859977157928155123e+01
-7.797361908515139994e+00
-7.175272476632126306e+00
-5.890581992844347781e+01
-2.930638105850678521e+00
-1.474046664320186295e+01
2.785458694444154162e+02
-3.323360173300426545e+00
-1.507828288486261314e+01
2.483949592236515258e+01
5.999290989231161575e+01
4.866516309420124742e+01
5.541706640782957827e+00
1.840290000738262108e+02
-1.942160224681751046e+01
-3.820805981810532614e+01
-2.216084400340228910e+01
6.333458481542704988e+01
1.478505285727183960e+01
-5.120487036295469352e+01
-2.206702604662720546e+01
6.272742557607509184e+01
-2.621457263304318985e+01
7.946710888944715556e+00
2.588759129369465199e+02
-2.666600564808866203e+00
-1.128422185440335923e+01
-4.541460414582749650e+01
1.903713403141424010e+02
2.609271094624656229e+01
1.889489266812618240e+01
3.689624509457153323e+01
1.649996461111867347e+02
1.249792381565212338e+02
-1.407035069340906386e+00
-4.109357195232048809e+01
2.139214615704727152e+00
5.395093868164086359e+01
2.336529714412300791e+02
-1.158682976398153031e+01
2.877908676447326997e+01
-1.592059480838134178e+01
1.488081544971097969e+01
2.838402327761078681e+01
-8.255622608637072091e+00
-3.872879688729035763e+01
2.920674989104245967e+01
-4.331602631263342573e+01
-6.006435860929934201e+00
2.147814381431265929e+01
-3.383324141326385615e+01
3.161935181142141360e+01
1.059349448402418403e+01
2.920286874360544793e+00
-1.863643951506395524e+01
-6.381609566121690946e+00
-2.273385563244038821e+01
-2.886544961177516200e+01
1.547658659284476279e+01
-2.101662764965976038e+00
-1.108306867726010481e+01
-4.524629317572053822e+01
-4.100372710411029686e+01
6.995887598343199443e+01
-4.263702582886644876e+01
-8.385907262627336323e+00
1.696654130630854240e+01
5.981417687409576800e+00
2.436268713383752527e+01
2.262996049897697404e+01
6.885762315030074632e+00
-7.121534670888947538e+00
2.100875275526766472e+02
-9.004204175868053994e+00
2.420441973295312010e+01
-9.499870513443333664e+00
2.447365493502583078e+01
1.274421811691143915e+02
2.184010489137187427e+00
-4.091633175763620400e+00
2.345672798767966327e+01
1.717406656620110184e+01
2.620714499376855855e+01
-2.941825129374811709e+01
2.536021500638709369e+02
7.432833399183262912e+00
-3.313438729284402484e+01
3.047122894994465980e+01
1.551469463710599861e+01
3.978008435270907484e+01
-3.011604475537228609e+01
7.096402560237379475e+01
-2.673043004406090617e+01
-8.137048360011954529e+00
1.800249966889113296e+01
-2.269265286364050027e+01
1.892999570749495319e+02
-2.881217032418153323e+01
2.334440661898368319e+02
-2.710033008155289913e+00
8.774668813727316774e+00
-2.198685770430621034e+01
6.960084159188956399e+00
-1.844273774401776578e+01
2.004706314922582635e+02
-1.399842638191442390e+00
-3.073500784012280107e+01
-2.282606291482764505e+01
7.338086771487843940e+00
1.611945041661502103e+02
3.208385806202603163e+01
9.892550737102640213e+00
-3.482203398818322171e+01
2.136092901736885707e+01
-9.224628401429912472e+00
2.618669693389289677e+01
-1.317662773323038117e+01
-3.395086668334590385e+00
-1.898914320132348266e+01
6.312896278011641549e+00
-3.421566029491314964e+01
-1.296969604027043843e+01
1.878434008836789815e+01
2.726570540691578337e+00
2.346543978365459893e+01
-6.624853641834696383e+00
-4.265478520536005647e+01
-5.083241818984709504e+00
-4.269444070064528773e+01
7.788222375569245060e+01
-1.871864771825746843e+01
2.517934093608919177e+00
-1.130009057466182476e+01
-6.614808612072344829e+00
6.645589482037588702e+00
-3.232447249989318649e-01
2.560425289115076808e+01
5.427003986613109454e+00
-2.134521834566844234e+01
-3.505287465053828555e+01
3.194524312527687826e+01
2.949344961896287032e+01
-3.682447038483779522e+01
1.060313902750797332e+01
5.891565368006418169e+00
1.808718701212421465e+01
1.098414106075500563e+01
7.281625816843603438e+00
-2.328937361469282052e+01
5.096863538842312913e+00
-3.859343057443729919e+01
-2.143565470817506124e+01
-1.440578692014440598e+01
-5.295015305632595926e+01
-2.292085693899585053e+01
1.700640850012242566e+01
3.065564900344030264e+01
6.062027034929803548e+00
3.527392733638983202e+01
2.316511894548786188e+01
-2.021876305899734305e+01
1.943363682367360070e+02
-2.288070940243940399e+01
-1.354478328163389556e+01
-6.463447627123509065e+00
-1.244994611731768730e+00
-3.492469689029844915e+01
4.831675444250775886e-01
-3.928020120304339713e+01
3.368465318660607011e+01
5.116309338984814659e+00
2.817197667125077132e+00
1.513003750404824075e+02
-3.230207476437329461e+01
1.593514675899078625e+01
-1.108948639069585624e+02
-7.262873150961551616e+00
2.073124975977741258e+01
1.143144205152538539e+01
1.008726089941093740e+01
-2.611280818317457530e+01
-2.101896747553433187e+01
9.513030458517381938e-01
1.967481190708950294e+02
-2.969427186383378015e+01
2.587784913838232725e+01
-4.839908510680970721e+01
1.601604433522596693e+01
2.499961061162890701e+02
-3.328558034929155696e+01
3.442809294391005359e+00
2.541362129123837121e+02
-2.590638719036316218e+01
-1.563203989512053305e+01
-6.620632296483481838e+00
-1.771650045076899360e+01
8.614465826778484825e+00
-6.165467090007326512e+00
1.913324181497878751e+00
-1.664318601572527712e+01
-3.348420153301191959e+01
1.791889554275286400e+02
1.034659735081688403e+01
7.125242212926346497e+01
1.664438772701305069e+01
3.360424766056885915e+01
2.167284293538436657e+00
-7.044006060970087191e-01
5.056722517872693601e+01
-3.042691952175206183e+01
7.960061246412884373e+00
