-1.671198423078300266e+02
-1.326093499487941472e+02
-7.841284043746276211e+01
-2.472496536312033015e+02
-5.733188380284810819e+02
-2.299000244404988393e+02
-1.230749695104243386e+02
-1.623321248629501952e+02
-1.437125789863481486e+02
-1.697829449875877685e+02
-2.355356992903535343e+02
-1.316648135739781651e+02
-9.551649894489304415e+01
-1.210625041014354650e+02
-1.372440164050177316e+02
-1.526044933927059617e+02
-1.007167997917759266e+02
-4.606617336478301894e+01
-2.195520280630215098e+02
-1.505357184113421454e+02
-1.527849949797828799e+02
-5.800637255600960174e+01
-1.614024681232060914e+02
-4.551357863261191739e+01
-3.957275670834665675e+02
-1.011171564532632772e+02
-1.265937367664480320e+02
-1.490780070657508816e+02
-1.080172220749669378e+02
-1.587119178857541897e+02
-1.075992041469605027e+02
-2.140534137512585744e+02
-1.496342224372259011e+02
-1.616972366553405038e+02
-8.440645851664054078e+01
-1.423331822936258959e+02
-1.970321086344642936e+02
-8.058288583264061344e+01
-1.190744746557055294e+02
-1.405734020325189704e+02
-7.078845023611761178e+01
-1.241711877519298639e+02
-1.035065437623635347e+02
-1.095310182362091354e+02
-9.225136411929427993e+01
-1.200359069944816639e+02
-8.738025186764275531e+01
-1.722886796138478758e+02
1.878708795493153616e+01
-7.534660250754582478e+01
-2.227370930639784490e+02
-1.050604941018007850e+02
5.802962886409520138e+01
-8.452700797955537837e+01
-4.815266448789026299e+01
-1.144486536794282188e+02
-4.645550980481232273e-01
1.848686381090543307e+01
-1.301337270088598359e+02
-8.304782023490952270e+01
-1.603070006221502126e+02
-9.708106139332828377e+01
5.931465420021601176e+01
8.758500648401432898e+01
-1.311410691603045962e+02
-8.471531296556946700e+00
6.261572046641888711e+00
-6.145016858642573965e+01
1.303815386019522577e+02
-2.114160675984546742e+02
-6.701312258443202552e+01
-8.848293582279445957e+01
-4.877363519430682004e+01
-9.077576991788060212e+00
-6.519048143959531671e+01
-5.464518479909658311e+01
-1.718355747381724186e+01
-4.083777920037748288e+01
-2.903368939771737089e+01
1.133024490836175744e+02
1.066356377752010509e+01
-3.595300796740654903e+01
-1.642923973087672351e+01
-6.554510672915610314e+01
-3.729164517416243108e+00
-1.614775097698216300e+01
-4.096964302556323645e+01
-5.561827517767567031e+01
-5.093858350939490975e+01
-6.549366950064313642e+01
-4.240618312756049590e+01
-2.691127080329280474e+01
2.217450875527209320e+01
-5.871761263711087864e+00
-1.222973738190228943e+01
5.692281085840971144e+00
-3.955858553367011154e+01
1.183671090934825587e+00
-6.746578162263979550e+01
-1.672340997537516305e+00
-1.625274428104806290e+01
-4.956256365870975600e+01
-8.945880025570177807e+00
-3.755191305832590132e+01
-3.104443607720323683e+00
-3.696497977090980491e+00
-3.737061279277642001e+01
-1.225892692638896442e+01
-1.513267319618015350e+01
-3.725475136116144625e+01
-1.798273938248328818e+01
1.840882801546119296e+01
-1.017203120985969456e+01
-3.471872509467787893e+01
-3.224883663460996530e+01
-2.227267051188308145e+00
-4.907893588945120911e+01
-4.946275809148212232e+01
-3.808120576761924170e+00
-6.166970507850616512e-02
-2.118795815823690987e+01
-5.030946558509056388e+01
-9.781047549674791952e+00
-1.779082605389223204e+01
-3.206935416864605060e+01
-5.197459883810469528e+00
-4.053866268837121112e+01
1.097951282326061140e+01
-2.569466012854982395e+01
-7.396726254797914457e+00
-7.037215868087130843e+00
-3.523460971060503155e+00
-7.483373335919492497e+00
-3.419492291374687198e+01
-3.650480646415086028e+01
-3.970717406926002724e+00
-3.037461474896359448e+01
-6.065023526417964206e+01
4.454378713400573986e+01
2.404585504514188443e+01
-1.076272690746527338e+01
-2.591927636365007892e-01
-2.415664440025626547e+01
-5.082932939161479169e+01
-4.182243639665307455e+01
-2.944012810042965000e+01
1.906822478822014943e+02
-3.811008178642407529e+01
-3.225953757864323990e+01
-4.147142139654643955e+01
3.342054623979258565e+01
-6.316693176182677227e+00
-1.335042176330762054e+01
-2.341175746841347660e+01
-1.026572236980400845e+02
-1.699414023584204969e+01
-2.228792759717211069e+01
2.364238553757215477e+00
-4.854338861495899238e+01
1.556388850406284519e+02
-2.483764413095488166e+01
-1.151334758240891354e+01
1.998790364284831478e+00
1.063240544892148023e+02
-4.359027770755821507e+01
2.300930531263958869e+02
1.518578088270882063e+02
1.827920559053675333e+02
-1.208400460069093851e+00
8.233664941859503372e+00
5.274098846304863741e+01
2.584435693778901921e+01
2.320239126051339156e+02
2.052622241038935726e+02
1.749599229976835204e+02
1.468822384736645290e+02
-7.357213151952223029e+01
-2.627844757000358911e+01
-5.791983990520765246e+01
1.850217339585309730e+02
1.725312494707297333e+02
2.033823105988467432e+02
2.397052674115183493e+02
2.228985361870845452e+02
2.211347682594766297e+02
-3.023922120749270448e+01
2.044024616906858682e+02
2.467613481478684037e+02
2.433457596320924949e+02
2.788058792454172590e+02
2.200453886606907759e+02
4.057333942821031769e+00
2.288297257811473173e+02
2.602932260308323293e+02
2.282498015330270960e+02
2.220740919680415004e+02
2.465787605297222171e+02
3.040554851637339517e+00
2.252344743173659083e+02
2.068735074813978940e+02
2.145221201913497566e+02
-1.471741023596950981e+01
1.729214495385415944e+02
6.193596961045957983e+01
1.951291923563508846e+01
-8.813863918592879543e+00
2.225379003655739325e+02
-5.184506498975531841e+00
-6.175132505235787050e+00
5.760306390688948142e+01
2.488462480068259595e+02
2.083947422714451818e+02
2.199476921650552299e+02
2.318148100384312329e+02
1.997657856863073675e+02
-2.115416873840646304e+02
1.986015798074832333e+02
2.855296683850349382e+02
2.508187678665686917e+02
2.908390605812939498e+02
1.285388623206737293e+02
1.486380734075970338e+02
1.801932183389663464e+02
1.204453157521027862e+02
-2.878381364664794262e+01
-3.830239956880473784e+01
2.418292037918792516e+02
1.356767355657659095e+02
2.134579802092365810e+02
2.271624658061940067e+02
1.930399457044803455e+02
-3.956021086439151446e+01
-2.904099218181294262e+01
-4.295963241718869341e+01
2.700268726135111024e+02
2.444532060251139569e+02
1.212170944450837879e+02
1.718034116540974878e+02
1.054468501441049426e+02
1.236958841514043428e+02
-3.195699165918733087e+01
1.781540912018299423e+02
2.424476555782111689e+02
1.836485021259933319e+02
2.258312848895784271e+02
-1.584917909901523281e+01
-3.707562739927908524e+01
1.189120443768063353e+02
2.171366794675860774e+02
-4.853342501738194414e+01
1.818109527615649483e+02
3.272644589328677256e+01
1.984787016022891919e+02
2.112541890617739853e+02
1.892390669610987075e+01
-1.429407822083353778e+02
2.395654486527319023e+02
-2.587646250693834915e+01
2.588608334751176585e+02
-8.707973618001162208e+01
-2.331000106659905313e+01
1.957361757178492212e+02
1.623671449827111246e+02
7.566508026550690147e+01
-1.236595166541953006e+01
1.217634027374712815e+02
2.052802229513375210e+02
2.911708446379590782e+02
1.337523496485681029e+01
1.908012042460804309e+02
2.424974884615582482e+02
2.281536068661999934e+02
-2.355395239642967553e+01
2.909073061825165496e+02
2.046336991003989851e+02
2.335957292511002095e+02
2.099509778176073382e+02
2.336103509751631009e+02
2.049455072470994423e+02
1.585801503403732271e+00
1.499926817153442187e+02
2.392885957067010736e+02
2.271673816460213970e+02
2.541924192630295636e+02
2.017646173253929760e+02
-6.996331157089721309e-01
2.329760996316556145e+02
2.318010865551178199e+02
2.210367788339738411e+02
2.490659503298206232e+02
2.185187175139636224e+02
2.184996869148947667e+02
2.294370937807414350e+02
5.430938840990958028e+01
2.594572244446156333e+02
2.346566457745719561e+02
-2.746527048193086884e+01
1.446399868306012593e+01
4.138585539326781770e+01
6.729134676606985010e+01
2.303893958818235319e+02
2.595276911309630350e+02
2.326090327007447058e+02
2.243008896614207401e+02
2.577518302726027741e+02
2.372861457939618219e+02
1.595584322729434632e+02
2.231081005921041651e+02
2.432137335199601864e+02
2.968851272876960223e+01
4.784969917534479578e+01
1.570102601610282704e+02
1.674249570945766834e+02
2.064170564419418596e+01
1.987624193883053749e+02
2.639809461407464255e+02
2.154313147554926786e+02
2.277698662128243825e+02
1.979684021301653729e+02
1.910156232046930143e+02
1.985756358625363305e+02
1.625186189661518554e+01
2.161234217498112287e+02
6.143942561281022563e+01
1.832207950008312878e+02
2.233000510803087195e+02
1.821081401005488090e+02
1.988477517113557269e+02
1.899625362418909162e+02
2.252480777566323695e+02
2.655003922630673401e+02
2.488669929208076894e+02
-3.447221166809949722e+01
2.229011333720421817e+02
2.469761709753846048e+02
3.546874327240277580e+01
2.709818863305056880e+02
2.519307734339921865e+02
2.420087156749900146e+02
1.693798704069171777e+02
1.824323066201674806e+02
1.885809053694653130e+02
2.318595409667827596e+02
2.577320410991711697e+01
2.046983349209848484e+02
1.830564112743326746e+02
2.191237373239123940e+02
2.732902481585001624e+02
2.141239112898200005e+02
2.880248403969701485e+02
1.919184880571655754e+02
1.770473843652945902e+02
2.312566193213623933e+02
1.962384469270198224e+02
2.561350422912295244e+02
2.093018705618237050e+02
2.021934712548585935e+02
2.052975395454887746e+02
1.913034711509749854e+02
2.367780930614102317e+02
9.103150709054116874e+01
2.384462041197963345e+02
2.353177105232306303e+02
2.009271324559749132e+02
2.437553735215559811e+02
2.293879936726078199e+02
3.161629794575691577e+01
2.701752901345026885e+02
2.628372141242679163e+02
2.177665785729787444e+02
2.029826052552416513e+02
3.938252002037619093e+01
1.707781204419197820e+02
2.826863347948579417e+02
2.105388999799175167e+02
2.369879191793695838e+02
2.438661064261079900e+02
2.815269987520906625e+02
-1.948917973279807825e+01
2.294152417953707754e+02
1.923010230359204229e+02
2.289116354757164515e+02
2.762285340858884410e+02
1.929629818035221831e+02
2.634198545484892975e+02
2.428687870874660462e+02
-4.209465271031916700e+01
2.062488747361907429e+02
1.760369238968883678e+02
2.496231845065937591e+02
2.715423157203121036e+02
2.240978351385674046e+02
2.302614680154449331e+02
2.477502383658481051e+02
2.435627814749251172e+02
2.133373796410286332e+02
2.209889443094015746e+02
2.030194020475200887e+02
2.249026361131724627e+02
2.320468956170586239e+02
2.198513730805645139e+02
2.159489907245091445e+02
2.638320035314653182e+02
2.643897406195058011e+02
2.776535626069669433e+02
2.624804124053080159e+02
2.004338649675495958e+02
1.715538150966999069e+02
2.527974634044236666e+02
2.558232495667086823e+02
2.585474997211596246e+02
2.433154500046039459e+02
2.492935907622401146e+02
2.567220431482318759e+02
2.519430922612546624e+02
1.940406483976652794e+02
1.962385477701818104e+02
2.113423607124721002e+02
2.790240018695955087e+02
2.607284029201809972e+02
1.479024614049149591e+02
2.541213327899308467e+02
2.008969905732102461e+02
2.142884110834116029e+02
2.037059590485156946e+02
2.644558140473951653e+02
8.558683221315597223e+01
2.459330503991911883e+02
2.882051351520191247e+02
2.706238257512842438e+02
1.739083956314046304e+02
2.361149608120076948e+02
2.756915386041139300e+02
2.497212623513222525e+02
2.464895715063548778e+02
2.752271111281845606e+02
2.460454724575746184e+02
1.722214781901221841e+02
2.255517432824803450e+02
1.929246310597516185e+02
2.265365627991643294e+02
2.275085268571593815e+02
2.090855034514478348e+02
2.287566687979475262e+02
2.732906887136684873e+02
1.614606060887075500e+02
2.336229063629257325e+02
1.758200081389709908e+02
2.257154082335444230e+02
1.919113668992029034e+02
1.739055834338224997e+02
6.221296231501474239e+01
2.352027916717605081e+02
1.945127357834636541e+02
2.550220106779701155e+02
2.608419592946735293e+02
7.036073105747618683e+00
2.178028068469207597e+02
2.219233338414437640e+02
2.234869278964040689e+02
2.805295184503958126e+02
2.804310036047364747e+02
1.978400706627691079e+02
2.286922693429044955e+02
2.409776806171712451e+02
2.487326624007980627e+02
2.611270731570192538e+02
2.906270855162679254e+02
2.422331040031337466e+02
1.184795655690259366e+02
2.273162839999938569e+02
2.932688776311479160e+02
2.277003697348846742e+02
1.654282943981924348e+02
2.603664374072740770e+02
2.322057183134412810e+02
2.148021841666661942e+02
2.896247744908714026e+02
2.105955782174527542e+02
2.645770792396140223e+02
2.364051289261319369e+02
2.283634876224236905e+02
2.293792983835606094e+02
2.257632154381616374e+02
2.692865580917118677e+02
2.248279280151810724e+02
2.743828421898346051e+02
2.578370590782100180e+02
2.236390534434981419e+02
-6.675451357048018508e+00
2.863929584123443988e+02
2.744718884695331553e+02
1.919101866127957408e+02
2.464780901607158512e+02
2.676640404089171170e+02
1.828359489922284808e+02
2.059101933845514623e+02
2.166572723940736296e+02
2.104894821844332000e+02
1.970012610888684890e+02
2.724718480896951860e+02
2.631865246212173588e+02
2.272661177373539942e+02
2.339343704949208700e+02
2.086579444238462315e+02
2.083101078506762747e+02
2.058852211677317996e+02
2.034342799624367046e+02
1.815976067222026131e+02
2.774436857304966111e+02
2.118327421569060789e+02
2.723226297832570708e+02
2.492662087181085155e+02
2.725886013745181344e+02
2.494025674412818887e+02
1.873533282692613966e+02
2.535547824225496640e+02
2.730998599773892579e+02
2.474659762219595223e+02
2.349301169944140213e+02
1.952736125357436663e+02
2.244290053798196709e+02
2.528728100406019337e+02
2.586016452641640626e+02
2.147257095100766833e+02
1.953484450031456845e+02
2.360880091956585431e+02
-7.578715351163339164e+00
2.551030978197062211e+02
2.371662325236667357e+02
2.304244722290848131e+02
2.598100932201464275e+02
2.288782902666421251e+02
1.087003400908904212e+02
4.048647034126088329e+01
2.112357719099994711e+02
2.867861206863575489e+02
2.165758396063375528e+02
1.978502176864662374e+02
-7.973885388975355681e+01
2.131091278381691154e+02
-2.346709752762409096e+01
2.130810333250415169e+02
8.270397565100586235e+01
2.172188631424039045e+02
2.636930788589082795e+02
2.555934507055227982e+02
2.241700271239238305e+02
2.733264316944937491e+02
2.526710400518606150e+02
2.700986190780245693e+02
2.199909360848004667e+02
2.428352074508281362e+02
2.802172492096391352e+02
2.360965830131409007e+02
2.631425737816186938e+02
1.893298085009794534e+02
2.199081595838958094e+02
2.120543981915107565e+02
2.770808526785574486e+02
2.755039187724862586e+02
2.535659609437999791e+02
2.557441203246822283e+02
2.304383499390158363e+02
2.578317668326574221e+02
1.870733005503626600e+02
2.186735294110978600e+02
2.515422685420172684e+02
1.585365120855955468e+01
-1.678186017392381473e+02
2.607760825885457621e+02
2.099680064996641704e+02
2.689480033189433925e+02
2.205437637214363349e+02
2.558769801666538228e+02
2.830586444998817797e+02
2.545677007905547384e+02
2.228195973924393911e+02
2.243697998277379497e+02
2.415232195401019055e+02
2.594831117865903707e+02
2.406125085287650336e+02
2.265286670343603532e+02
2.482984952611963934e+02
2.305674256655759677e+02
2.570080855406720843e+02
2.462683989541183109e+02
2.919990867556066405e+02
2.533515650705106452e+02
2.209002619939232943e+02
2.353803096857934634e+02
2.742611149404086177e+02
1.499288420453336812e+01
2.569711743269772910e+02
2.745414816811251626e+02
2.295799931217357255e+02
1.134818396156862690e+02
2.794930141491936411e+02
4.370454488372780588e+01
2.421967733085645023e+02
2.435991558086998623e+02
1.002973959936101380e+02
2.475766919925085858e+02
2.761806307992337679e+02
2.456563912374262202e+02
2.618218227181035900e+02
2.745706288740188370e+02
2.609404373761403804e+02
2.528022579932122653e+02
1.468579942881191585e+02
-3.528455671203604993e+01
2.343278248039851519e+02
2.367596713882982442e+02
2.595414240505892849e+02
2.689672421663444766e+02
3.865360118287026125e+01
-5.834746993421305206e+00
2.601739765105161268e+02
2.194561871139264042e+02
2.576306561671644886e+02
2.608336248361956109e+02
3.717151690894289118e+01
2.562231719605114790e+02
1.282934693768770273e+01
2.501655351786334904e+02
2.962254027102653708e+02
2.623123107150663600e+02
2.286644403752943049e+02
2.797996033674148748e+02
2.386740969840460593e+02
2.583330810062846012e+02
1.227827299580106057e+02
2.328306301077214471e+02
2.664020228047535284e+02
2.816416707033495754e+02
2.695783198246035681e+02
2.899649660449072144e+02
2.468274388087007765e+02
2.527378719151010955e+02
2.652926149995805645e+02
2.630828871101280129e+02
1.904881446403672953e+02
2.835624100875689919e+02
2.484309671342930130e+02
2.963175557225652028e+02
2.241947676164361667e+02
2.562255937090718589e+02
2.594980072541937375e+02
2.824510345269559366e+02
2.916941854394323173e+02
2.791624517086855803e+02
2.527898202493364863e+02
2.373898398463898616e+02
-5.599186700096343827e+01
2.068019629525740015e+02
2.356113857284737492e+02
6.475588760151256906e+01
2.683950172506330887e+02
2.554549022199508386e+02
2.741873036283208762e+02
2.857747362383819336e+02
2.773984738501170568e+02
2.806998758737622666e+02
2.125539487107884611e+02
2.587707383867849558e+02
2.452284547826129142e+02
2.278371994319432474e+02
2.605980647795438472e+02
2.607116754070682987e+02
2.100153483597933075e+02
2.948688340523099214e+02
1.988286718435121543e+02
2.193251559003654734e+02
2.764981254337668020e+02
2.559300426079451825e+02
2.293570984853676862e+02
2.557027603749958473e+02
2.261773180353062571e+02
2.511070273718959811e+02
2.824420048535488377e+02
2.691721066705476915e+02
2.760857594379849616e+02
2.377578676051983280e+02
2.569841891810981451e+02
2.395773910504203172e+02
2.693268842107910359e+02
2.405001933086634835e+02
2.633993191379988730e+02
2.665705408686324063e+02
2.776728910502607732e+02
2.996974609917577368e+02
2.564091779410683785e+02
3.176268103139935306e+02
3.038795682923731647e+02
2.754626086342000235e+01
2.917512547757182233e+02
1.888149726005158300e+02
2.294278464164633249e+02
3.094162031915881244e+02
2.486380903213542695e+02
2.121954649324260345e+02
2.210640858083902174e+02
2.906151232989336108e+02
2.830714383009554922e+02
2.563633741083648374e+02
2.767608295658137649e+02
6.302048984076978400e+01
2.781021328447639007e+02
2.645649574582945434e+02
2.988670524752220672e+02
-7.453462745656494803e+01
1.233576527220427863e+02
2.912332737619736918e+02
2.646817080843840131e+02
2.398155374245694134e+02
2.479470766459034792e+02
2.624043033391728272e+02
2.223298304642627841e+02
2.876936010465207119e+02
2.343454777674613752e+02
2.543256439474205024e+02
2.811303852436897159e+02
2.685531835530594549e+02
2.647336794271157032e+02
2.473719095341545255e+02
2.846501756886133876e+02
2.804477204929272602e+02
2.829940748856989217e+02
3.072752786676851429e+02
3.058637337236233407e+02
2.577878995368059236e+02
2.852544581054953596e+02
2.542442361178363228e+02
2.647814254180291300e+02
8.868875037743082146e+01
2.793528830499092237e+02
2.553317343853370573e+02
2.509886200067748234e+02
2.863735744887097781e+02
2.623917881591246442e+02
1.211249216127454957e+02
2.065898841938611952e+02
1.934713478368677784e+02
2.729133036401807431e+02
2.515543856092283761e+02
2.606184215548089469e+02
3.074115425050466683e+02
2.003548008972385901e+02
2.799072591644045929e+02
1.216794817733015748e+02
1.589015326121239582e+02
2.907589738794263781e+02
2.417634614516667000e+02
2.356996598457684229e+02
2.726362974087984412e+02
2.611125793897431322e+02
1.919254693566585956e+00
2.826462635857557189e+02
2.719770475265204368e+02
2.624194587546919593e+02
2.051525630689786226e+02
2.533459592611082769e+02
2.829295507090403134e+02
2.839908819919754706e+02
1.788722291618842064e+02
1.918413909584466523e+02
1.675390297701104032e+02
2.616499090295046699e+02
1.924368550205402357e+02
1.507963950887406099e+02
2.617323279570591694e+02
2.785562128431772635e+02
2.878417214697193458e+02
2.576119643991265207e+02
2.615269101678928791e+02
2.379521957543582289e+02
2.319525033048055036e+02
2.499739543779303403e+02
2.981121549845756817e+02
2.890336221130257854e+02
2.860126862880255771e+02
2.736653083215219340e+02
2.899916129534756806e+02
2.430404831358351601e+02
2.752748012012240224e+02
2.566064246134669702e+02
2.434630435901637213e+02
2.243462785322848276e+02
2.434560073493070718e+02
2.594304699384747437e+02
2.716426119333593761e+02
2.653448145222532730e+02
2.749544294392366055e+02
3.210573411684521261e+01
2.380663042668712706e+02
2.679246168854334087e+02
3.019680580250997082e+02
2.763286811244245200e+02
2.799412590215279693e+02
2.462436254481696096e+02
2.834892011865425729e+02
2.560598292097486137e+02
2.619402472386237264e+02
1.957349380542327140e+02
2.684460131174434991e+02
8.416522316241231749e+01
2.749028506319025382e+02
2.291458932206058421e+02
2.407777351483421455e+02
2.261493269298187272e+02
2.943507678648321644e+02
