-1.289043837211027039e+02
-1.297209928197622730e+02
-1.130997822813411346e+02
-1.438556192232530009e+02
-3.400674207853481903e+02
-1.377871912140325321e+02
-3.189349880674799920e+02
-1.369945962739229799e+02
-2.246100023850449929e+02
-7.100471940062165288e+01
-3.734650249258854160e+01
-1.859326291005017424e+02
-1.085381642509946403e+02
-1.960638980323397789e+02
-2.368443453047671312e+02
-9.900546469928839599e+01
-1.454867400650220475e+02
-1.797275049308354937e+02
-2.165864768147973791e+02
-2.108592052426316741e+02
-2.334409785447126069e+02
-4.950562319638171971e+01
-1.101697762232794133e+02
-1.204025194065452098e+02
-1.100592899286462796e+02
-2.118561744255229655e+02
-7.274180074536528195e+01
-3.732413681583449261e+01
-1.194106949061981595e+02
-1.343061905323545488e+02
-1.180529212245499764e+02
-8.291594378650646036e+01
-2.292412218226419327e+02
-1.622287100885644691e+02
-8.444393287594978403e+01
-1.009292583052897498e+02
1.766741633738142525e+01
-1.396180063682259629e+02
-7.273285945256864693e+01
-1.012080969166744069e+02
-2.927864094576724483e+02
-7.161580369973549409e+01
-5.669214983592928547e+01
-1.585372212895715620e+02
-2.692540106719196729e+02
-1.024016455711724944e+02
-1.341688020537251305e+02
-1.074160896888379142e+02
-8.431871513124903572e+01
-9.568648016967172509e+01
-6.821029749336477721e+01
-1.093247332244461916e+02
-1.341195339521143239e+02
-1.487376003992943652e+02
7.113992416628349247e+00
-1.561339361190833301e+02
-9.704887227480720924e+01
-9.654703953756792600e+01
-1.274409766942398221e+02
-8.711472181936558457e+01
2.499186091356345685e+01
-1.436952683243024183e+02
-1.059180046209137629e+02
-2.243782556386095450e+01
-8.171423710298988397e+01
-4.796155853507715960e+01
-3.873467732490630056e+01
-6.185915972058034384e+01
-8.016382941849954591e+01
-9.113210018333145968e+01
-6.370521284750761737e+01
-2.749736912244819109e+01
-1.057934619903788587e+01
-2.800919187568800339e+01
-6.360079331128656577e+01
-1.140745760636820876e+02
-1.194665400199345697e+02
6.555476683118214964e+01
-6.432120079198926987e+01
-3.525367019576870575e+01
-1.798588533451363958e+01
3.555419695720883055e+01
-2.054145263096219765e+01
-1.617598599778367543e+02
-4.513510468671553610e+01
-5.638054415136650732e+01
-3.325072855309711883e+01
-4.401795523390518383e+01
-4.816071564597116605e+01
-1.719580423195644414e+01
-8.157786130346948994e+01
-9.681873872498708522e+01
2.104543386718951581e+01
-5.392310706296363776e+01
-8.607123808647003216e+01
-7.584138836470813771e+01
-5.842227327235809753e+01
1.310641943842382773e+01
-3.876766198625480797e+01
-1.264226893300249799e+01
4.439121140636764551e+01
1.559888100068117467e+01
-5.499903485666118286e+01
2.023170173146824879e+01
-1.798254509914289940e+02
-7.456027828001629132e+01
5.728596362572497469e+01
-3.808845008707595525e+01
-1.110827019375208806e+02
-6.070832503623206478e+00
-2.643531477103077805e+02
1.538286171192451945e+01
-2.491932968978693452e+01
-3.341723682548706620e+01
-3.024929966329102271e+01
-3.172547457782410874e+01
-2.423387148613215913e+00
1.112150798671301288e+01
-1.705521102422638791e+01
-1.728003882551818648e+01
-1.611263046021288403e+02
-2.807300510919096581e+01
-3.301505316986836078e+02
5.671890346967213503e+01
-2.744278598177422168e+01
1.575513430494015665e+01
-1.715797622454908549e+02
5.556317203707529018e+01
-9.838896666404204439e+01
4.006478986006563048e+01
-1.680303478981727494e+02
2.189124859587919580e+00
-2.938770642182111370e-01
7.632161780000681972e+01
5.191582616396895133e+01
-2.515051690490750502e+01
-7.889380297964829936e+01
3.087117209422467567e+01
1.699217069770003974e+01
2.085145900897502180e+00
-2.258866044628669556e+01
-3.634931340235663555e+01
-1.961076041848946261e+01
-1.092969735520080832e+01
3.532853339588473318e+01
-7.108799137490731823e+01
-8.421746601430452728e+00
-6.314909088230557188e+00
-1.590267012464328289e+01
-5.591835936417091979e+00
-9.655018075602953331e+00
-1.950082768321303774e+02
5.826334681406323490e+00
-8.939766842335647823e+01
-8.131214434886384623e+00
-3.424659101711126397e+01
1.531251803652778065e+01
-4.708297452928647431e+00
-7.649836022217820997e+00
-1.455721104209124128e+01
-2.532470474275066508e+01
6.047660561179886152e+00
-2.339241532196243867e+01
-2.424179544901304695e+01
-4.377986002651322650e+01
-1.869057283999362795e+01
-3.529711810674672989e+00
-1.644857660591518389e+00
1.379856669636663824e+01
1.841198332522897019e+01
-1.261977699025162281e+02
-5.155338530080135939e+01
-3.023187356258443259e+01
-6.610073020769243080e+00
1.333755135556605431e+01
1.053426989128327440e+00
-2.182068553077676043e+01
-2.905202591371443077e+01
-2.609533370680405251e-01
8.570406892343978456e+00
-2.294981244266882214e+01
-5.890136636890716915e+01
-4.549065541674310253e+01
-7.036505078685414638e+00
-7.122888078681924640e+01
-2.744445823660856654e+00
-1.751864239988991301e+01
-1.205386117997040962e+01
1.990782548057518042e+01
-5.410182893940216786e+00
-2.791347669514244600e+01
9.076532951281148787e-01
1.176334967387074393e+01
1.080933710391486784e+02
-2.126697701558818494e+02
1.539262580726661440e+02
-5.213710561206949023e+01
-2.385966453726966563e+01
1.870986172960187446e+02
5.342198679113501214e+00
-3.078603459471080583e+01
-1.361533599489439972e+01
1.619668222370685839e+02
1.946025871026048151e+02
3.866449704682617039e+01
-6.647187008970120381e+00
-1.830927101269048407e+01
-3.608350579866953467e+01
-7.342963700844632235e+00
2.377246829155247383e+02
-2.018128644769725355e+01
-3.064897465344171934e+01
-5.242951636701751994e+01
2.792238192402399566e+00
2.490799858384739593e+02
1.679229380990449982e+01
-2.372936588450258455e+01
-1.911107511735333375e+01
-6.581580873319755653e+01
2.206585158883929125e+02
2.518057171764285727e+02
9.510976713650565628e+00
1.485467370308178090e+02
2.560059337964463566e+02
-2.735284635523851193e+01
-7.191477422771603756e+01
-2.121267993787707695e+01
-6.112515540329471087e+00
-4.623281678433525599e+01
1.061804535862121757e+00
2.445383917352439767e+02
-7.284898807889605976e+00
-2.721596894411286982e+01
-1.823119042829158687e+01
3.030670970231499339e+00
-6.324000307425239242e+01
-1.629540398316309080e+01
-3.902169065510322099e+01
1.228156632764622813e+01
2.112254663345722463e+02
-1.209747350143246436e+01
-3.689259329815683941e+01
3.200209578201837530e+02
1.615926785277223985e+02
4.070934160661032308e+01
-2.985494430844439862e+01
1.179771816660127115e+01
-2.152796075864293890e+00
-3.915908347500643316e+01
3.359713333474132924e+01
1.168227791667734472e+01
-6.229334577193660749e+01
1.682117639951597425e+02
-3.696010148381864724e+01
-5.736996153629302597e+00
-2.463941816935728113e+01
8.282970414196813014e-01
-3.727065702793541657e-01
1.027726537200008750e+01
-3.122002314745146379e+01
1.967028593499072713e+02
-1.517005648794234673e+01
2.029758771921154903e+02
6.862241704319274049e+00
1.727811561364893933e+01
-3.880104519694002363e+01
-2.816120674215015285e+01
-3.624948148199271358e+00
-8.063946663250716185e+00
1.707111511910846104e+02
2.153211883733892407e+01
5.057084836254357452e-01
1.713549295836722663e+01
-2.455119726215822951e+01
1.243725020384640700e+01
-1.760921885443453050e+01
2.564860167950236658e+01
-6.858962698543532355e+00
-6.428645143671570850e+01
-2.196801347271529892e+01
-7.590094890395494787e+00
-3.063069217858747706e+01
-1.397358976800945918e+01
-3.841125281344346121e+01
-1.623169104880524571e+01
4.434707547709778375e+00
7.224143072563089518e+00
-3.699959186660686328e+01
-6.671660670410378025e+00
2.037812009480066422e+01
2.522713245731114107e+00
-1.982794874464699575e+01
-3.830731971917590073e+01
-1.904911439248389726e+01
-1.248671985557530206e+01
-3.861865899464698515e+01
9.968717016681349463e+00
4.994610138880862138e+01
-1.311035133780141582e+00
1.224742911905613028e+02
1.675881903192516020e+01
6.962871083711656972e+00
-1.860177236650883614e+01
2.519019219977464843e+02
-6.214322998688923683e+00
4.795504519663178478e+00
-2.460128974040653560e+01
1.802694168023571208e+01
-4.814029179690786009e+01
1.588777379620227919e+02
2.531432721457948389e+02
1.431353259396781255e+02
2.465331849582803727e+02
-7.023096223130328219e+00
-6.410281685736589452e+01
1.982430235978867188e+02
2.816204881293377582e+01
2.137598003560190136e+02
2.472067601705547020e+02
1.509359565191622039e+02
1.791848105963186413e+02
9.462290147488992886e+01
2.360252648167430038e+02
2.098081618976774791e+02
2.231455273775117689e+02
2.081194468911640456e+02
2.345907122267576881e+02
2.361555685454852949e+02
2.380282250496588006e+02
2.128958229725883484e+02
6.318919923912530123e+01
1.988968215329659870e+02
1.540509088674137956e+02
8.945203763808027020e+01
1.805225089220016628e+02
2.375738622242884333e+02
2.694778803257184450e+02
2.021083032095647525e+02
1.849804419640875608e+02
6.227677362039849385e+01
2.272784051293014045e+02
2.094759943718560464e+02
3.807885447497056930e+01
1.899440647472884507e+02
2.374655025852407277e+02
2.468285043031415569e+02
2.872213228676214385e+02
2.529785706201693074e+02
2.618458474911938652e+02
2.578026485952507585e+01
2.132253544482532277e+02
2.840386240742372479e+02
2.359953440778310210e+02
2.443914362290152837e+02
2.134587428343414217e+02
1.977172504748769484e+02
2.554058520129658802e+02
8.981396133275964644e+01
2.051302304408556836e+02
7.849009372704620091e+01
2.748162772129613813e+02
2.186048235780026801e+02
2.229232468078229772e+02
2.498802044864688412e+02
2.198313651116047254e+02
1.267363340384542880e+02
-6.860284634454615116e+01
1.844710257777421702e+01
2.473941769065832830e+01
2.684843380656233194e+02
6.570363502895173724e+01
2.545774310904995730e+02
2.724000295467426440e+02
3.911098989975502604e+01
2.119443417035722632e+01
2.811213938445172289e+02
1.538196340556194741e+01
2.332280734069665300e+02
5.066824144979113953e+01
2.706029288646953432e+02
4.144202477983810695e+00
2.744063296102525840e+01
4.352256221848980999e+01
3.913292627277968450e+01
2.681728417503827586e+02
2.242206693980011778e+01
3.068142962528651196e+01
8.288426410007062373e+00
4.299076331191170652e+01
2.502155412911954500e+02
-1.137632092104111337e+01
2.105161264346956784e+01
1.946119629768780612e+01
-7.269775750920530299e+01
1.673563311569941163e+02
4.987933173540704956e+01
2.504414570825924216e+02
2.267157775321003896e+02
3.047412955780876587e+01
2.648223198516133436e+01
2.018887187823318641e+01
4.301715325589572103e+01
4.187108996691981133e+01
6.287215866420226007e+00
3.007257323052965603e+01
3.660449093671402920e+01
3.015448127758966734e+01
3.550861332688350558e+01
2.782958127938306347e+02
2.539971015462521109e+02
-3.785035111824301168e+01
2.284651608192558854e+02
2.164480448457707666e+02
2.888332853582293751e+02
5.822223947002768796e+00
-1.857882859776726718e+02
5.724965038334187284e+01
2.415873034143023119e+02
2.786709308987578879e+02
2.827013803184674998e+02
3.734170056075336674e+01
2.522262835780416594e+02
2.690037809989827338e+02
2.539618312451395923e+02
2.647772018699415639e+02
3.947331189778424232e+01
4.102564739466376409e+01
-2.222846966894047682e+01
4.434279952064005670e+01
-3.875617434377006987e+01
3.026289694180607057e+02
5.389998517716881565e+01
2.380326856563188187e+02
4.367409397860336639e+01
2.266952242967369671e+02
1.704421122541427280e+02
2.658410411019920048e+02
5.765163505134327693e+01
2.339342053099146028e+02
2.402593500984390005e+02
1.235161880840218060e+02
2.592022206150140846e+02
2.327493365607211899e+02
5.358816562369148073e+01
6.124152047314319702e+01
1.715412283601361310e+02
2.410985130287033371e+02
2.876853859540306075e+02
3.025489916129694166e+02
2.488715395395924475e+02
2.964187316776352077e+01
-1.526102905568807273e+02
2.360140541232379690e+02
3.383108200384057795e+01
2.771766270215746886e+02
-3.170427912744189314e+01
2.671936126286863100e+01
4.107547748160087053e+01
3.746198806646711432e+01
6.401625369757942963e+01
6.542161773139983438e+01
1.923008622719416394e+01
1.553573030274372968e+01
2.811914038410625380e+02
2.873308915563067671e+02
4.979174799170013443e+01
2.092519191026718772e+02
2.220507321361880884e+02
3.347981946448894064e+01
2.451003589574605712e+02
3.278340048948990670e+01
3.005762905445776596e+02
-1.783321169538042739e+01
3.318873005331826676e+01
2.527930110703642868e+02
2.959535703241467104e+02
5.126148789825671770e+01
2.624159454714734920e+02
2.210871577681853353e+02
2.677528463298187376e+02
2.639499622129737304e+02
2.084433341487179803e+01
3.665745919566845146e+01
2.262484752981480085e+01
4.941330609537831720e+01
-9.530606700864638015e+00
2.568966902711817397e+02
1.839982539574704106e+02
4.476125756601095418e+01
3.100765918262584364e+02
2.808726219250166878e+02
1.897288179314151648e+02
2.682102129280654026e+02
3.272842806836015939e+01
1.156461393760847045e+02
2.636034303066141149e+01
2.500060562320887811e+02
1.282165090322411913e+02
-2.978024422008651868e+02
2.578472902830499720e+02
2.669093570047187427e+02
2.124327912594532108e+01
2.986896983529828731e+02
3.867698436936814232e+01
5.215016913295465883e+01
3.118036681006286699e+02
4.153139948253439684e+01
3.601432491026179150e+01
2.837085399128294512e+02
2.733047912592547277e+02
1.567874137442538540e+01
2.263892686874641527e+02
2.416984973329833508e+02
2.555621542159098567e+02
2.195342423025683729e+02
1.762989251661996093e+01
2.915628228133422226e+02
5.527470667622534961e+01
3.181344465492247764e+01
3.069538301043060073e+02
2.814458173260431408e+02
2.823089711482812163e+02
1.503741484373499873e+02
2.482912705265368913e+01
2.849504527297964387e+02
2.292845613103193898e+02
2.108281791916533052e+02
-1.052552043652049463e+02
2.408699980360815118e+02
4.668902936421744698e+01
2.306937753964637636e+02
1.819904734073617192e+00
2.420223595866768846e+02
-2.593154986569648202e+01
2.750537976712183195e+02
2.320161761208932489e+02
5.782061209185745554e+01
2.764145229824488297e+02
2.826968933506598205e+02
2.646743680813943911e+02
2.571286322634986732e+02
2.579808974352377504e+02
-1.048015725321509848e+02
2.964244585883147920e+02
1.646645556044245780e+02
2.433145554927053524e+02
3.730189400536130506e+01
1.798827654414317294e+02
3.015811281186256565e+02
2.138107085509119827e+02
3.835530423594982352e+01
2.677260357512539031e+02
2.101377440270375132e+02
2.584990261961585247e+02
2.390780484778405821e+02
2.559635987642153339e+02
2.563919238804906513e+02
2.408225839735073066e+02
2.691239441258879879e+02
2.671824357863218893e+02
2.476000137955580840e+02
2.289530393717902541e+02
2.730636394792065289e+02
2.656158499775360724e+02
2.659184934653225127e+02
4.272675234511862641e+01
2.571759561091269006e+02
2.457079970081342424e+02
2.334574983823488026e+02
-2.899454257135332682e+02
2.617260356248391986e+02
2.861782903073498119e+02
5.750203539774184947e+01
2.870105535412488962e+02
-4.146110776642544238e+00
2.855611946308914639e+02
2.548294352190098095e+02
2.298464130820864284e+02
2.634744230208528393e+02
2.869704089914445149e+02
2.603040408668784949e+02
-1.243315982289071187e+01
2.306484862567278924e+02
2.831828794214235359e+02
1.949985986372582545e+02
2.559248608895597101e+02
-2.804152375410975750e+01
1.941959868677994621e+02
3.010027897455580614e+02
2.082671639071330674e+02
2.561914578560435984e+02
2.620985347002482513e+02
2.218403834381001900e+02
2.448357245504352306e+02
2.400541255426583405e+02
6.105547320719281856e+00
2.822169114536322923e+02
2.747804743229994529e+02
2.454067840322147447e+02
2.893398145674651687e+02
2.690640727350289580e+02
2.233604399620351728e+02
2.457929303509819476e+02
1.392326883552198353e+02
2.684029962509484903e+02
2.173763153039102463e+02
6.790941117211923483e+01
-2.528086382173084701e+01
1.691651850798736234e+02
2.968992794766249972e+02
2.526995236610036955e+01
2.679177617499905750e+02
2.493367055675327890e+02
2.614405569247568337e+02
1.536285725181779753e+02
3.150650112005608321e+02
1.351740207783584822e+02
2.754836017641291050e+02
4.686055950353807020e+01
2.439899551131442763e+02
-2.123177192147582559e+01
2.618777180840608025e+02
2.134555677590737730e+02
2.099759445560151221e+02
1.293800022683656721e+02
2.300172575345805228e+02
1.313491345496586860e+01
3.271347607224984699e+01
-4.703458818409373521e+01
-4.716970254642571092e+01
2.735483474844770626e+02
5.255403515449205543e+01
1.553089622882299068e+02
2.785901494474231868e+02
2.734431577086330662e+02
2.839672097159318582e+02
-3.005487517262398001e+01
2.437249204013117208e+02
2.328022880956295637e+02
2.276485539178612427e+01
2.832289152772937655e+02
2.810985396965387508e+02
3.515814523689061843e+01
2.598661267507891921e+02
2.870780829563111070e+01
9.793756595178706448e+00
2.451761928783553515e+02
2.612822132667225219e+02
2.373898861157971396e+02
3.071712282163526311e+02
2.529444165663680621e+02
1.633299541436478819e+02
2.706917127040127866e+02
2.471928234653295249e+02
2.773449345590304915e+02
2.627371845259007728e+02
2.664333971135298498e+02
2.050939524611853244e+02
-3.176398999702917081e+01
2.749643464650866918e+02
2.413911084529960362e+02
5.524525360704009813e+01
2.486952154998151912e+02
2.791728364235466415e+02
1.724216012204743151e+02
2.396207500434279041e+02
2.230755790797263671e+02
2.573943568911284956e+02
1.781044722023557370e+01
2.649973256176255063e+02
2.969590763437533951e+02
2.503327274516919090e+02
2.648242050570340211e+02
2.710737199444158705e+02
2.341207107997898618e+02
2.453946558830317883e+02
1.400490845221236214e+02
2.852065345351247743e+02
2.759368152869942037e+02
2.844754258146851953e+02
2.408245857505038714e+02
2.644148389653972799e+02
4.676039107510277404e+01
2.569360338581969927e+01
1.537429422655023359e+00
2.590053387301485373e+02
2.273094098873032465e+01
1.955932077806562006e+02
-4.841169233442552411e+01
1.868255457607888275e+02
2.756334069560361968e+02
2.793805434681044630e+02
2.457545459564495616e+02
2.688055897047630083e+02
2.161965902463964824e+02
2.225313561617999198e+02
2.758714451194866797e+02
2.620514709049588191e+02
2.831606073740199463e+02
2.571678352694167984e+02
2.821436962260335122e+02
3.063192693226361030e+01
2.422263747102924754e+02
-1.187277085084255646e+01
-1.489899753152576523e+01
-1.583484003072197766e+01
2.620527385097802835e+02
2.465137122738986761e+02
2.575216175203290163e+02
2.759718374754274919e+02
2.865485444901423193e+02
2.472766897729387949e+02
2.655954737218715991e+02
2.766165554079080948e+02
2.166768092602263778e+02
2.468207291774807004e+02
2.789391264763057734e+02
2.164602046143970995e+02
2.650806805765471381e+02
2.464441447900278490e+02
1.279266114415673599e+02
2.434394705150152447e+02
2.564276778410603583e+02
2.238183243775975200e+02
2.449327323823726488e+02
3.248141354826777274e+02
2.570497736133281705e+02
6.887420324424070373e+00
2.582112143007531131e+02
2.895976347143579801e+02
2.591123750354170170e+02
2.568042620591226637e+02
2.831811987688896011e+02
2.260194352217088181e+02
2.358738163887924202e+02
-2.891303129488510422e+02
2.197259662031805760e+02
-5.677993389347027460e+02
1.522479762705255837e+02
2.597590765095422967e+02
2.774884486773390222e+02
2.528058710657309121e+02
2.416887677327970323e+02
1.969025721849822048e+02
2.427730421819506148e+02
2.507898606882448860e+02
-1.410391867375130346e+02
2.387405779803492862e+02
2.339482404303013539e+02
2.075956123440444117e+02
2.491806646588794365e+02
6.828906237563103332e+00
2.637572715227832987e+02
1.089359322844347133e+02
2.632542336612518739e+02
2.359243205644005172e+02
2.664320794239667975e+02
1.484668002785068950e+02
2.729768483002794710e+02
-4.193883505182886040e+01
-2.128843873949989529e+01
2.337408481504236875e+02
2.882935241612350410e+02
2.812076232674197627e+02
-1.264255780639071531e+02
-1.010953229630990933e+02
2.350401587431376811e+02
2.312264979063500618e+02
2.647354059379406408e+02
2.540624741900936954e+02
2.935468069524454222e+02
-1.740922121300761205e+01
2.552770834040757393e+02
-1.657616495604321827e+01
2.754585806020417067e+02
2.789497203710222379e+02
2.912596383233266550e+01
-8.028690353858627304e+01
2.797716664981060717e+02
2.932105047160297318e+02
-3.380805509796370956e+00
2.449922094710713623e+02
3.090490826657480170e+02
3.010440365306919830e+02
2.869860442272433829e+02
2.146590544407994514e+02
2.787417027604594182e+02
3.051583084891778981e+02
2.825887932631545709e+02
2.805131111715900261e+02
2.877874268208310014e+02
-3.724321571668868103e+01
2.794034748357181570e+02
2.591828911283213301e+02
-1.738784917913297079e+01
2.565910710340386345e+02
2.473028772944375930e+01
2.452025862364533566e+02
2.745658764109635968e+02
2.662367186327622335e+02
2.408201406625062475e+02
1.890552014670300309e+02
1.660796655495271921e+02
2.504116390605133233e+02
2.807946684702001789e+02
4.828254952898092256e+01
3.063821041973610591e+02
1.342576734391580544e+02
-2.998243124653143354e+01
2.337568382372258498e+02
1.952661240051692459e+02
2.365395963742038532e+02
2.583063368860479727e+02
2.104903698568109007e+02
2.141352781865188035e+02
2.405985509576376558e+02
2.410566990033036063e+02
1.259455289421160273e+01
2.510536644518545017e+02
2.776954477282623657e+02
2.403490251451332824e+02
1.629068068555844775e+02
2.175305245922838822e+02
1.071940180716291451e+02
2.707312783894602717e+02
5.942832987760772312e+01
1.986766468272203383e+02
1.350023266602349281e+02
2.351525369330890101e+02
1.906395578093471102e+02
2.483424527123172822e+02
2.354599895703981360e+02
2.335975653521022650e+02
2.959706096364328687e+02
7.348411176991163529e+00
2.391090434062427619e+02
2.338933627474017669e+02
2.773055647343888950e+02
2.559011609396864912e+02
2.022158801274207178e+02
5.097524045783106317e+01
2.726662501630924851e+01
2.114799043852798661e+02
2.463095342899904665e+02
2.328279398895872134e+02
6.004872980634580415e+01
2.956745431592989917e+02
2.186016224855105747e+02
2.399812752927022927e+02
2.582701557432194477e+02
2.515921525929427105e+02
3.697539742311909094e+01
2.787170293845300648e+02
2.803276132005207728e+02
2.139957313400886392e+02
1.673416973644007157e+02
2.947405229513091172e+02
2.072857630290812949e+02
2.703997725328104025e+02
1.893462025869526713e+02
2.626201558298837426e+02
2.721754233354735675e+02
2.916319611257335396e+02
3.949871395626324500e+01
8.302072823253959655e+01
2.181322155289144007e+02
2.545435692620437180e+02
2.731732445582618993e+02
2.552117008871437633e+02
1.761729103786688029e+02
2.645373801313368176e+02
2.428370024931378168e+02
2.640696898138129427e+02
2.524831686582603822e+02
2.863819621263099862e+02
2.763323759359331007e+02
2.070165027795064248e+02
2.257003724803099658e+02
2.955784553080512183e+02
2.527459288402867230e+02
2.516388652268054500e+02
1.557086318991245264e+02
2.806603664330631318e+02
3.069720096174010564e+02
2.623870963725622119e+02
2.699781315539217985e+02
2.648697131220789061e+02
2.545034651053693153e+02
2.589012055377247066e+02
2.496316103911879338e+02
2.566765101318758298e+02
6.759438318351973507e-02
-5.964993076383616000e+01
1.568636991644749514e+02
2.084469228750141099e+02
2.801039445015383080e+02
1.731218850715037405e+01
2.492780637423944654e+02
2.178250492313248969e+02
2.668029186457515607e+02
2.745849841901321611e+02
2.692560291232515510e+02
2.721329249524107468e+02
2.733469416431887566e+02
2.852690254817645155e+02
2.729949029293989042e+02
2.494440574067592706e+02
1.465905448685529393e+02
2.273653123126887863e+02
2.817904011020917778e+02
2.782817639772368921e+02
2.603279037547653161e+02
