-3.291882363335304262e+02
-4.515171099771897048e+02
-1.118400289365585962e+02
-1.036229848185288489e+02
-1.358302614893535178e+02
-7.194071643733352062e+01
-4.538309676814419902e+01
-1.909190101648530913e+02
-2.579425969192851085e+02
7.704016432986284713e+01
-1.032816412247803584e+02
-1.452540487549726720e+02
-2.021575103719383719e+02
-1.848381703097460900e+02
-2.810741558794343291e+02
-9.687219722549903622e+01
-3.018714415235136244e+02
-2.297390260209083124e+02
-8.647518832931335453e+01
-4.262082047650782357e+01
-7.339968629117237242e+01
-1.010828479590001905e+02
-3.315817759614724309e+02
-3.881440080673856983e+02
-2.136359744631625404e+02
-3.015425670567377665e+02
-3.892639044612809585e+01
-1.239076692625213241e+02
-2.093908138390141005e+01
-1.707629749626368039e+02
-1.313584518460736206e+02
2.034056884543659294e+00
-9.913713306518062041e+01
-1.178311161529498747e+02
-1.553837391279841427e+02
-1.470741112761792238e+02
-9.765226396604832360e+01
-1.447598306253107125e+02
-3.924875197819443429e+01
-9.409300109142735380e+01
-4.746760985516878861e+01
-8.374493001560333028e+01
-1.150314108804594184e+02
-9.460350679546964159e+01
-1.185787815447243503e+02
-1.717006713830095350e+02
-8.668759267503367028e+01
-4.627536699277103338e+01
-1.169424381370742623e+02
-1.452767519159135645e+01
-1.284214724730523471e+02
-6.996436840436484772e+01
-3.527237414034755147e+01
-1.810123284698136104e+02
-6.144911615098595803e+01
-3.200108772410119684e+01
-1.489885683153612774e+02
8.891325121544028320e+01
4.448869993889948660e+01
-1.109667814538203601e+02
-1.702837793553636061e+02
-1.136145443362579499e+02
1.401099485797946329e+02
-6.548881771637465476e+01
-2.011294320374462075e+02
-3.513757181274297636e+01
-1.726299825247018873e+02
-1.284642598330586338e+02
-1.249568590671643165e+02
-2.438427841517138006e+01
-2.045585778677703956e+02
-1.659329371390949177e+02
-1.443801879296582058e+02
-7.401678563107856235e+01
-2.018819845705580178e+02
-2.652973719981257545e+02
-3.439438989286563242e+01
-1.942239904292413826e+02
-3.495668977448389114e+00
-2.018008174098655445e+02
-1.852946408361425483e+02
-1.347056215187983241e+01
-3.779153052538629254e+01
-2.362619654269808507e+02
-5.287037901375846616e+01
-3.602430367397188888e+02
-2.111611577592329638e+02
-5.597189471872539457e+01
-8.779345306943567095e+01
-2.140467197589349837e+02
-1.935766547122777013e+02
-7.908727183181292730e+01
-2.725811294110800418e+02
-6.913590097754024555e+00
-1.978881951194136093e+02
-2.203050576769956308e+02
-2.321424024123510321e+01
-1.800145347980301267e+02
-2.289328264267819293e+02
-2.261016921415919114e+02
-5.381766749996640442e+01
-3.572647110505634771e+01
1.676777586736222077e+02
-1.716786201531594429e+02
-2.450552530957426143e+02
-1.007012387619337517e+02
2.640633640949516234e+02
-8.735904628609725364e+01
-2.055307276410493387e+02
-1.862241112169267012e+02
-1.475411921216556266e+01
-1.836541393020904138e+02
1.847755989318981449e+02
-1.254416736292554901e+01
9.480178952361535494e+01
-4.779326024741588697e+01
-6.427037923137308439e+01
-1.991387094058858338e+02
-1.622096868416961968e+02
-4.289972688986475191e+01
-4.978859759686278608e+01
2.549272650875150248e+02
-6.222230478829563083e+01
-2.729037973899819747e+01
-1.844784550736694371e+02
-1.463820620238668653e+02
-1.581217438612379453e+02
2.540698066045683845e+02
-2.406652593601124579e+01
-1.816493427608980937e+02
2.165360098688899200e+02
2.651872902708764741e+02
-2.055524016193130024e+02
2.396863614789107544e+02
-2.318757300189940338e+02
-2.838121244556273837e+01
-5.850545442095518922e+01
-5.723655855125484493e+01
-1.928649041259841965e+02
2.636488836036130579e+02
-1.946578506922213592e+02
-2.035008458030526413e+02
1.460043988510264512e+00
2.634532989133605270e+02
-1.012883971556759093e+02
-2.719252342855685356e+01
2.042729743044148734e+02
2.547176123159775045e+02
-2.103196020423269772e+02
1.684727947718645851e+02
-1.171109495097420989e+02
-2.415163900769223346e+02
1.803050855679843494e+02
-1.432739958478489939e+02
-2.753072192215667258e+01
2.153281124366263271e+02
-1.858614339405233125e+02
-1.611317521352495419e+02
6.465009785149959498e+01
-2.067539676538122535e+02
-4.223600758510023923e+01
-3.887065045275988950e+01
-3.466632535277520333e+01
1.936973030951095609e+02
-2.023767598218352930e+02
-2.395130076290103887e+02
2.539690774006004972e+02
-1.452615895236480981e+01
-2.176101164938788770e+02
2.113955787189250088e+02
-1.866684824582900717e+02
-5.616750114350348611e+01
2.558986556541862001e+02
-6.263522084359898656e+01
-5.260670746854171398e+01
-5.045624513628948193e+01
2.465005649191336943e+02
2.264264688759705564e+02
-3.880136660324880893e+01
-8.120889386348437711e+01
-1.930857664719215734e+02
-1.739394559555263413e+02
-8.039111153053164571e+01
5.700897370608771553e+01
-2.331966891446133161e+01
2.363984870631525439e+02
6.690345453703639578e+01
-2.192857746558087797e+02
-6.558447092897091579e+01
-2.429875867095276476e+01
-1.514215439405930113e+02
-1.719739987283189464e+02
1.721051228762232199e+02
-5.029627666839502353e+00
-1.845481304280639847e+02
-1.476322147184913547e+02
-1.676163562182821352e+02
-9.392297906786495787e+00
-5.614781259772055932e+01
2.394991851539514300e+02
-6.160984607767174737e+01
-2.535042277504467734e+01
1.169339912811732773e+02
-2.629290104892476165e+02
-2.527424485801593619e+02
-1.761928477978933643e+02
-2.116819003827752681e+02
8.721344250309188340e+01
-5.833182918870713962e+01
-2.372683911328521447e+02
6.022837846868227274e+01
-1.895694299984866404e+02
-1.611895120918650264e+02
-5.918553665016287368e+01
-1.765983369764132362e+02
-1.686813721709673928e+02
-1.844440568876865996e+02
-1.946280281386555657e+02
2.352718011766897632e+02
-2.274087893026355118e+02
-1.762498751651397697e+02
-2.446744742801071482e+01
-1.527147156410444495e+01
-2.155163353440916865e+02
-1.645733195517884440e+01
-5.485304939114200806e+01
1.043368853904649569e+02
-8.555389985213750492e+00
8.135846605424180211e+01
-2.260085282432868325e+02
-1.450199384332951524e+01
-2.325116970208803764e+02
-2.725561804708962654e+01
-1.932263314570747070e+02
-4.868294883106725024e+01
5.139624012769475314e+01
-2.267398029528102370e+02
5.203492749352250257e+00
-2.090696966229885447e+02
-2.009215499438645338e+02
-7.033730376329756950e+01
-7.577972833598664693e+00
-4.314641208653759463e+01
-1.803251585714833709e+02
1.103570083151494003e+02
-1.884795124434586455e+01
-1.693490690212431105e+01
-1.393034029373751252e+02
-2.165466615011358442e+02
-8.497154450087774080e+01
2.379863782637435179e+02
-2.711559037198247779e+01
-1.480148466353622325e+02
-1.507834575534555199e+01
1.233551590439897439e+02
-2.392587003520119993e+02
-9.259145093556068673e+01
-2.446437570289255632e+02
-2.326171894089460181e+02
1.816971663591478716e+02
1.490539043882401984e+02
8.241643740597707790e+01
-1.663567389959694083e+02
-6.562391787479204197e+01
-2.356085741737105934e+02
-3.579845009022376701e+01
-1.400244614617321872e+02
-1.326538641829313292e+02
-1.741476722479094406e+02
2.624760821438501353e+02
-4.003534229736196437e+01
-4.830585822859583800e+01
-2.139893871110870407e+02
-2.337871397957518127e+01
-6.256471766337419638e+01
-1.923579046833002621e+02
1.931885402012716213e+02
-2.296258490676892166e+02
-2.137360568843793658e+02
-1.961638961938835450e+02
-2.054288917207551037e+02
-2.110890791065641281e+02
-3.289435643514032392e+01
1.667367896900949518e+02
-2.274395213286540809e+02
-1.758042270185043208e+02
1.278684355297627917e+01
-2.363587269330351717e+02
-6.541572738033066514e+01
-6.247643451875092069e+00
-5.484551774263310620e+01
2.286844033663662117e+02
-8.393243162430826487e+01
-6.277452688867981578e-01
9.799727291220389702e+01
-2.290045818070740609e+02
1.588684322722941715e+02
2.079978269718704098e+02
2.072067310741924189e+02
2.233996043482656830e+02
-2.695282289496028056e+02
-2.085157369243913763e+02
-1.675623121375231506e+01
-1.809024077248361664e+02
1.243382773575125526e+02
-2.208610567234278506e+02
-2.366251661114490332e+02
-5.911016249027905189e+01
-4.911221212745639519e+01
-2.130441498519373624e+02
-2.627336444375848714e+02
-3.942487167348247112e+01
-1.188958165363594333e+01
-3.097929033666490284e+01
-8.177266424168863068e-01
-1.629228459323900893e+02
-1.555124067331607876e+02
-1.866252893931740005e+02
-1.597090698797666164e+02
-1.913384146899901168e+02
-1.836990613795164791e+02
-7.765941721321414093e+01
-1.823493477716804705e+02
-1.936466953990705520e+01
-6.089718291718396870e+01
-3.700373229037364808e+01
-2.838227408875641800e+01
-2.157992851536136527e+02
-4.675553564336874501e+01
-2.017798610157944381e+02
2.010432805605351803e+02
-2.332792200815533761e+02
1.107318950170443799e+02
-2.014247490613879563e+02
-1.968815695197765194e+02
-2.471468474255245553e+02
-1.705355359672370241e+01
-2.103452566815637113e+02
-1.980239525245165169e+02
-1.895171044814429706e+01
-4.485689108927033431e+01
-7.076220764880297054e+01
-1.371589953002453512e+02
2.304425596816746804e+02
1.297115093250729956e+02
-2.524905919946233439e+02
4.516963282775336097e+00
-4.740573647197054186e+01
5.419036109399990409e+01
-8.827843734544543963e+00
-3.548508156576176020e+01
-2.894837026094516830e+01
1.661862983407693264e+02
1.246833327188989102e+02
-5.139887942028641987e+01
9.388946765005582051e+01
-4.986207253662104222e+01
-1.423352345010706017e+02
-1.925343673638411133e+02
-1.661063600719928672e+02
-5.555194197896788921e+01
-2.092750093788041568e+02
-5.031249763705190503e+01
-1.668893256047755358e+02
-1.582343417617424848e+02
-1.984508479383439692e+02
5.734758904320148076e+01
2.170127647726462214e+02
-9.100426880224598847e+01
-6.727349182127871074e+01
8.875915511506718758e+01
-5.925209714157914220e+01
-4.012514955886938850e+01
-2.123115283791068464e+02
1.259554216080736921e+02
-2.575001529877966959e+02
-2.708208691734181173e+01
-1.747045213940202757e+02
-4.674644845030158535e+01
-3.763689816088049156e+01
-2.118083266831143305e+02
-1.041706454600139011e+02
-2.301921462832277712e+02
-1.794182659393979407e+02
1.288300615585629316e+02
-2.684344710906563591e+01
2.389161257338815574e+02
-2.410197811385639284e+02
-2.090502603734022387e+02
2.438447843996267750e+02
2.334371048018908823e+02
2.218933939247636999e+02
-7.427092276432803430e+01
-1.625545544742734592e+02
-1.971059381744798884e+02
-1.864908218014113288e+02
-1.635943388321647092e+02
-1.966072423431949119e+02
-2.282783937096170916e+02
-6.935809504480259591e+01
-3.021099495116831690e+01
-7.964909625741032073e+01
-2.212469299317967284e+02
-2.756278480414181331e+01
-5.948562191893628892e+00
-2.249940428390343925e+02
-7.054381867223942493e+01
1.505455163011095578e+02
2.419532660841554161e+02
-2.102613415545212945e+02
-1.372256693287779399e+02
-1.447539096351528656e+02
9.151456977233189605e+01
-2.416548083142781707e+02
9.012211229662885614e+01
-1.951548813619050691e+02
-6.559642969484437458e+01
-2.148048530489149925e+02
-1.015969381513729246e+02
1.336119834424315798e+02
-1.862905763176098901e+02
-1.873030039651756908e+02
-4.091617226076945713e+01
-3.330385700557317818e+01
-1.706873993573304347e+02
-1.507152977686811539e+02
5.683240108995605055e+00
-1.776051089174787307e+02
2.267829511328450849e+02
1.954437746948160566e+02
-2.437851279245306841e+02
1.162600938362004115e+02
-4.697381589775012856e+01
1.372064873781458232e+02
1.383697895606890995e+02
2.840568767894162079e+02
-1.742763144159411297e+02
1.140035513031397159e+02
1.939204353856020475e+02
6.261831173663647121e+01
-2.201678179286421368e+02
6.456795423011399748e+01
-1.121647738235473923e+01
-5.724617260327246981e+01
2.327661936311735076e+02
1.988964524749537759e+02
-1.654082971760044529e+02
1.614956658921101962e+00
-2.290335537365759819e+02
2.400360853720762861e+02
-2.639531737060495971e+02
-1.016437876279751720e+02
-1.293319107726264861e+01
5.338877625068619182e+00
-2.990049684117116158e+01
-1.943252810178460379e+02
-8.277905646439336351e+00
-3.167477809737947325e+01
-2.627046147891482519e+01
-5.171277313645232709e+01
-1.430775466406030887e+02
1.682204384894158693e+02
-1.797921165317769692e+02
-6.151998182797797199e+00
2.078830177130677725e+02
-2.186216061694931341e+02
-2.449583784543218314e+02
-3.006070678379440153e+01
2.118329922995234256e+02
-2.281936900147356369e+02
-2.598075391803808998e+01
1.066779968675853354e+02
1.900469091149350334e+02
-1.874906211650192063e+02
-1.684142092306144320e+02
-2.292954405573886447e+02
-1.932111438861358010e+02
-1.772324780260398143e+02
4.686784058359447158e+01
-2.032442136253905005e+02
-1.945462058421410347e+02
-1.784107544048841305e+02
2.444303518294353239e+02
-2.199844983608802522e+02
-1.581219058566649380e+02
-1.468385038775003864e+02
-5.235394214912892608e+01
-1.814888127070390738e+02
-4.813991079316052435e+01
2.287122391122724139e+02
-1.899875482406576737e+02
-2.457441467281269922e+02
1.161446867348828818e+02
-1.915693785013274919e+02
1.840875179189768005e+02
-1.974957261844807022e+01
-2.463024768021625732e+02
2.167757258586973421e+02
-2.055410340844382517e+02
-7.772265248939190485e+01
-3.867791356474910458e+01
-3.416303238976352930e+01
-1.668735397369954967e+02
-1.869129012501604166e+02
-1.955015469458030566e+02
-1.765816057611149290e+02
1.829266589675017940e+02
-2.269032022757076561e+02
-1.831744146133042079e+02
2.441335267660896307e+02
1.557148678394916033e+02
-2.160985777031077646e+02
-4.880617527808666978e+00
-7.280450171670277371e+01
-8.190127831329144215e+01
-4.119611173748694455e+01
-9.744885615377091881e+01
-1.735486118312324493e+02
2.618089190346739770e+02
-1.833999425377565728e+02
-9.514903538742471767e+01
-1.412101216812503424e+01
-3.877306869085860797e+01
5.405911779923698646e+00
6.083261317415175284e+01
1.393269616757629876e+02
-2.422557241429828423e+02
-1.904641009002819487e+02
-3.481999664895354840e+01
-1.567690950924364301e+01
-7.060963551409219008e+01
2.404090275959123062e+02
4.186936968457401775e+01
-1.489709705027676989e+02
-1.816560597475858003e+02
2.366620391394553167e+02
-5.026697342509625344e+01
-3.562368376548710103e+01
-2.649919093438801099e+01
-6.105690342923982428e+01
3.858369655588271030e+01
1.898215489664777635e+02
1.900988924406190961e+01
-2.242035263188799377e+01
1.826601765091969867e+02
-1.578150769918905780e+02
9.508445687099253973e-02
1.147131687505725495e+01
2.352059915041415934e+02
-1.891305130313870393e+02
2.030919616473107112e+02
-2.048137987009442327e+02
-1.916426114679252066e+02
-1.031685579584799228e+02
-2.286614055971187440e+02
-1.832712766548731906e+02
-8.573063472938241603e+01
-2.832663217861653493e+01
-1.806747536174131028e+02
-3.574662490291352412e+01
-1.553080736438287204e+02
-1.834452820583588277e+02
-2.099933401098622880e+02
2.615559141615131011e+02
-1.767502158849507055e+02
-2.003036522447449670e+02
-2.103901153236375308e+02
-2.158420134635506145e+02
-2.336421743800924844e+02
-5.963627211464236666e+01
2.176628767045363020e+02
-4.196234952866049639e+00
5.485683929125787728e+01
-1.537716041762624286e+02
-1.853973996445667467e+02
-1.912157244682196904e+02
-1.843827068892041439e+02
-1.572010587105822879e+02
-1.796996129633916155e+02
-1.779930936878613750e+02
-2.301151064568061884e+02
2.710808514592986285e+02
-7.858390916021792805e+01
-3.136989666623965434e+01
-2.250653001123497177e+02
2.636310124602714495e+02
-1.748156023014870186e+01
-7.682483000454442390e+01
-3.118495519559762386e+01
-2.208685124669536890e+02
-4.969287947580018283e+01
-1.507652942115464043e+02
-1.612341790292654764e+01
-5.161507577959103088e+01
-2.143422423852173893e+02
-4.270797581351056493e+01
9.084641437690518728e+01
-1.496077311178645175e+01
-9.869305959240607251e+01
-1.113590769019643858e+02
-1.155745834763824575e+01
2.400503499484544534e+02
4.526595081891744599e+01
-1.823811233777449274e+02
-1.437394937997361808e+02
-2.284165416014101595e+02
-2.169263293172814997e+02
2.202355941821333829e+01
-2.371278540859376278e+02
-1.900612121314847798e+02
-1.205788587464785167e+01
-1.581989117824571167e+02
2.062997368219353973e+02
2.470858657875552069e+02
-5.177983229271987398e+01
-1.781522684266051328e+02
-2.820199494758115577e+01
-1.577073167244051888e+01
1.930582770085310358e+02
-1.999570471622080845e+02
3.340062878677832714e+01
-4.233502797904179715e+01
-5.600363466535813473e+01
-1.685647676139582245e+02
-2.026168900213169763e+02
1.196321001297863376e+02
2.262569292357670747e+02
-1.482118100919742290e+02
-6.268561309227121114e+01
5.399390780811706492e+01
1.853636916654472486e+02
2.061257798238254395e+02
-1.804242204264120630e+02
1.611665810334918447e+01
-3.609237588200556957e+00
3.083703009400023802e+02
-3.017348127160730087e+00
-1.731155740789336051e+01
-9.535538812150221588e+00
-2.137870408870750794e+02
-2.125970887954784416e+02
1.868910488149223283e+02
-2.160009222556334407e+02
-1.611009499671500862e+02
-2.193269233920620138e+02
2.456782216465684883e+02
-1.923209925600582437e+02
-1.819025218777023269e+02
-2.169045081642664741e+02
-1.784856210282570146e+02
-2.013553520344490835e+02
-1.621264643128391469e+01
-1.754972135589860613e+02
1.832573172667656536e+02
-1.932010619157184124e+02
-3.902871967261920361e+01
2.503618396874591099e+02
-1.453429956124857370e+01
-8.098188474278799731e+01
-1.924370241829880399e+02
3.319071804411326099e+01
-1.739996986088721656e+02
-1.694003860438333504e+02
-3.556999387962753190e+01
-1.511013792717998854e+02
-2.758492203263072895e+01
-2.853726127637056038e+02
-2.023606088002130718e+02
-2.019404479598582043e+02
-4.170769181890698007e+01
-1.964124366718926353e+02
2.442535609726581924e+02
-2.666797888586741294e+01
-2.405160256356813306e+02
2.760469675384545951e+01
-2.186898751883848036e+01
2.329956821454406963e+02
2.392087136767798654e+02
-1.839510217217813874e+02
1.227330827739635737e+02
5.226990843024986333e+01
-1.511034072691407744e+02
-4.366299431872742787e+01
-1.729504815874257133e+02
-1.987439902054541108e+02
-1.950451243412638291e+02
1.188863853423795831e+02
2.063424518510836663e+02
-3.292839066737624876e+01
-1.822215066222594260e+01
1.733684887028865660e+02
-2.434097812886278689e+00
-9.224267967016371017e+01
-3.384228471947771766e+01
-1.017048689592950268e+02
-6.596345140611497015e+01
2.374938721799439065e+02
2.198999418315569301e+02
-2.826843996454644525e+01
-1.875899929612640733e+02
1.094368147769702659e+02
-2.205563036288814374e+02
2.221299975459484415e+02
-1.918098047280060996e+02
1.966719520828800114e+02
-4.879168030136571588e+01
-2.243839621129336308e+02
2.365022896743435581e+02
1.416047843827162467e+01
-2.406037595364232118e+02
-2.012510907559159818e+02
-1.772869227993788570e+02
-5.675273468282830436e+01
-6.559840290647670713e+00
2.189387201642256287e+02
-3.542194732660378520e+01
-1.501327783169472241e+02
-7.700836701126490880e+00
1.200421420539063604e+02
-1.457532896438419812e+02
-5.371425721427310407e+01
2.147967482884467927e+02
-1.662282742491756835e+02
-1.867746127059679679e+02
-1.692339720985531528e+02
-8.461604894952957423e+00
-2.484668956797132182e+02
-3.500850503924971235e+01
-9.374089814111825092e+01
4.709775039677022335e+01
2.172605275715817470e+02
2.379949633608699173e+02
1.459354562645123110e+01
1.356894163156735260e+02
2.268020464368210298e+02
-9.552085998979423209e+01
2.179874920556046050e+02
-1.342272739324095312e+02
-3.985492540982306764e+01
-1.985642373064344497e+02
-5.819088495700398767e+01
-6.614485386160716018e+01
-1.066268055105948065e+02
-1.625752422811015947e+02
-1.870336955318992977e+02
1.904776247024524878e+02
-2.248778111696797453e+02
2.873213945548153561e+02
-6.063247448926252048e+01
-1.673326670538788221e+02
-1.365345034048324635e+01
-1.703148715172417269e+02
-1.569692125513136602e+02
8.065762216472350588e+00
2.210552030647093034e+02
2.488542164837900543e+02
-2.067769971601846350e+02
-2.256199605124673440e+02
-5.382077007089944232e+01
-1.973916634204770162e+02
-2.176713240501524638e+02
-3.652038477520974880e+01
-4.915376723885714227e+00
-8.242319007517303930e+01
-1.954088335991742156e+02
-1.799335615322044077e+02
-2.406903817607381484e+02
-5.372405271354620737e+01
-3.625464049901020758e+01
-2.007663837520981360e+02
2.084407082572523109e+02
2.294974930487990150e+02
3.475736071756870160e+00
-1.664159105158315981e+02
2.411416900574261035e+02
2.314632073543092474e+02
2.370309545938360429e+02
-1.528703556665461747e+02
1.975222511133958392e+02
-5.456418556515734508e+01
4.796277463379581718e+00
-2.425396464762437176e+01
-1.799303512711383064e+02
-1.677478013796669529e+02
-4.339948628014603571e+01
2.816907008106157946e+02
2.199136851712441114e+02
-2.066462509979812410e+02
-3.049197758697842175e+01
-7.383395296452621892e+01
-2.537549822426483956e+02
2.838559478234980133e+02
-1.181962610546874544e+02
-2.135241925766526379e+02
-2.191409140519500056e+02
-5.714026326151110879e+01
-1.727036017488006792e+01
-8.187117090919343809e+00
-1.857320958879937507e+02
-1.939669337953441755e+02
-4.173110371535845786e+01
-4.456435326434582578e+01
-1.843588403483003049e+02
-1.605277531244470595e+02
-1.001851334618038720e+02
2.506242161173426837e+02
-2.037618353873328942e+02
-4.318365884907792207e+01
-9.880952718311604599e+00
1.918248050186687692e+02
4.661754567535791693e+01
2.580859424409476333e+02
-4.020513034165220745e+01
-3.856869596430576053e+01
-7.858071141002557169e+01
-2.232083699625298436e+02
1.880535633799302673e+02
-1.900394353502313720e+02
7.620017783176606940e+00
-2.184949368797945226e+02
2.201570877884725235e+02
2.313044510211426541e+02
-1.803583672501436581e+02
-2.097992774068724202e+02
-2.430667874041936329e+02
-3.854233329749776260e+01
2.165401435411759223e+02
3.043737559775037198e+02
-4.019519034254956580e+01
8.741448063040154182e+01
-3.076286133903016662e+01
2.207058771622042173e+02
-1.694557759010997131e+02
-1.703594698272463575e+02
-1.679133548213160054e+01
-1.791573435071696281e+02
-2.579364286136114970e+01
-1.347961132372408883e+02
-7.584854915478219084e+01
-2.979987640744516852e+01
-3.866093609723084512e+01
2.488736894511592368e+01
-2.210912762134402954e+02
-3.690135483068279143e+01
-1.804701475858567790e+02
-2.319912410810658798e+02
1.919137964378961385e+02
-1.604764296703488071e+02
2.011204036990757800e+02
-1.745793927940729588e+02
-2.377682157063833586e+02
2.245008142385168526e+02
2.626368553370983818e+02
-1.898040884756904347e+02
-2.783833729522899034e+02
1.486358450647480822e+02
-7.869367758947348079e+00
1.519929921866524296e+02
1.493175634960523439e+02
-1.797793158875546169e+02
-2.262145688143918960e+02
-1.586991456085318930e+02
-4.680782738036216983e+01
-4.311201607756606791e+01
-2.593804639940762513e+01
-5.173950526520692250e+01
-3.135302666227374857e+01
2.962355140350574629e+02
-7.214939788609865445e+01
-2.665340585476573665e+01
-7.401862578126679182e+01
-1.783369422275616216e+02
-1.465458321359242859e+02
-1.812606047425961435e+02
-2.081173758288650788e+02
-3.783553222162169050e+01
-1.983506609888218577e+02
2.724998227509173603e+02
-4.411866987172939503e+01
-8.083052144403681893e+01
-2.162587324945913849e+02
-2.101234597460122018e+02
-3.439128798504587792e+01
-1.984521948576983164e+02
-2.390187121429210322e+02
2.665740054408817059e+02
-1.495593907572803971e+01
2.174137592626044011e+02
-5.236786890543984896e+01
-5.194452551334254053e+01
-1.774432651536019989e+02
1.994346692248444128e+02
-8.134447665244238124e+00
-2.118731598314435018e+02
1.422907843776399091e+02
-3.800528403119598408e+01
-3.674389826271206516e+01
-1.565465828508052937e+02
-1.612533476818511247e+01
-2.149088204505981423e+02
-1.622759716201401829e+02
-1.917966487604121539e+02
2.203374137258998644e+02
-1.944551128250504917e+02
-2.157140468588864906e+02
2.148821895650814611e+02
-4.901091270883172513e+01
-1.170457763651241407e+02
-2.312873547655978257e+01
-1.713792881547735192e+02
-1.907654397581659111e+02
1.985130812675751599e+02
-2.374782167349514737e+02
-2.340372719630707365e+01
2.299154571340456528e+02
2.134454995706853424e+02
5.889998282513775507e+01
-2.011722756498905085e+01
8.946649492216138810e+01
-2.000402975173913660e+02
2.448725949788730247e+02
2.423746259241065673e+02
-2.191908748295617784e+02
-1.642003762744990354e+02
1.985263008894956727e+02
-1.128130531021847673e+02
-2.023401944801229888e+02
-2.209742406402304482e+01
4.602771988528139957e+01
2.371029535460851889e+02
-6.757013024188118777e+01
2.357314116795745917e+02
-6.889391367311267800e+01
-4.505716728057258536e+01
-2.175937978852598462e+02
-1.301214994172079287e+01
2.419235898471351334e+02
2.804268418386545818e+02
-2.373816629549029926e+02
-1.872616555478257965e+02
-3.729511591556760663e+01
-1.470439813483039586e+02
-1.604921798993139248e+01
1.974731527129326309e+02
2.154885548239492152e+02
-1.898918299168902308e+02
-2.116300611406925896e+02
2.443784914798632428e+02
-1.840707525711943902e+02
-2.214711754833194277e+02
2.097155644689474343e+02
-3.562588999401663159e+01
2.380491532522768239e-01
-2.617100005999517975e+02
-1.784639092170218078e+02
-7.657463406865763034e+01
1.876588351511290114e+02
-2.965471606276578598e+01
2.063566974908965790e+02
-2.210994568757012075e+02
-5.542904465099209688e+01
5.223124376436913963e+00
8.181219124144368493e+01
-1.981039273622081396e+02
-2.204404730633869463e+02
2.286632673117377124e+02
-1.585715799245271569e+02
-2.527038033938592321e+02
-1.855086996896520191e+02
-2.166950514339093274e+02
-1.842112030539122998e+02
2.203272958639304306e+02
3.067834531653630847e+01
3.290160577042883716e+01
-2.116248812664005072e+02
-2.229111255631325434e+02
-1.894192325910389059e+02
-1.871287764446277890e+01
-2.330083897226951137e+02
-2.132921731314006024e+02
-2.146359660665136744e+02
2.645554525417222749e+02
-1.504783753805381252e+02
-1.188522863937830039e+02
2.096899205880286559e+02
-2.785641818758416832e+01
1.872682813126033352e+02
1.458808232332631007e+02
8.021645052309693824e+00
-2.335097662818974982e+02
-1.266135632612957806e+02
-1.931219729524294735e+02
-4.470310441880346275e+01
-1.974328253222330716e+02
-7.714626757384999678e+01
-8.448479886990639898e+00
-4.206743093872236727e+01
-1.866132069582147892e+02
-2.131072594482594127e+02
2.002541114055924254e+02
-1.886686894989158532e+02
-2.255739312328209678e+01
-3.066943339709028749e+01
4.775940496548648184e+01
-1.918771605894881702e+02
2.418132138795835431e+02
-1.936657429751359416e+02
-5.292615842404600812e+00
2.498205934983836585e+02
-1.549422213214217550e+02
-5.776482435077775790e+01
1.911353119545826758e+02
-1.268330942843444404e+02
-2.517202147131260404e+01
-7.638058490828660752e+01
-2.454304574162151198e+02
-2.132433625847506562e+02
-2.097044979238376072e-01
2.508287703308669734e+02
-1.529188919479459230e+02
-1.708697757197996339e+02
-2.075179155450057920e+02
1.879266076430164958e+02
2.049736010234622654e+02
-6.563667487202457096e+01
-3.487855607541222014e+01
-1.962193781439706584e+02
9.409900060100989094e+01
2.715931467606247338e+02
2.419491631857040943e+02
2.156088686280532727e+02
-1.416848351710129066e+02
-2.037401861302589055e+02
1.867370982156455170e+02
1.044864781031165961e+02
-8.496059453190679278e+01
-1.979199231548294620e+02
-1.526596722661445824e+02
-6.038756029308430584e+01
-6.128285396526348450e+01
-2.148639446116752652e+02
-6.318675581476057346e+00
-2.311726484755054400e+01
2.490888716475747344e+02
2.445562765456991485e+02
-1.840106827184434906e+02
-1.539194656757383939e+01
-3.607475646935057512e+01
-1.776636615401257586e+02
8.097195482678148437e+01
2.542731507853269761e+02
-1.961473486884950148e+02
2.588972326001145348e+02
1.384454194877926341e+02
-2.325260698920064897e+02
3.070775890935357211e+02
2.290948273193205296e+02
2.114754205072781588e+02
-2.121932011327059229e+02
6.596455609545245125e+00
1.089295106414263614e+01
-4.134506520166517873e+01
9.183813478775883254e+01
-1.831335459218475137e+02
2.047317045265700699e+02
1.869569664470426744e+02
-2.030412290684164986e+02
-1.676307622186660069e+02
-1.731237769407543965e+02
-7.120941673074918299e+01
-2.554534151300980511e+02
-2.296738835004942985e+02
-3.747231356671655078e+01
-5.933210842841992871e+01
1.960710193639780528e+02
-2.330465600234496719e+02
-1.874550360782335474e+02
-1.455968872353870154e+02
-1.677176308385627124e+01
-6.526313031322061420e+00
-2.301608268051082860e+02
-2.746644200743334068e+02
-2.134212088726443426e+02
2.612356608442281640e+02
-4.666754645220252939e+01
-2.229936000450808251e+02
-3.936777162853351797e+01
-1.509347163667573000e+02
-4.826419185919910149e+01
-1.575230234877737416e+02
-6.867468997141433817e+01
-3.448606607659475287e+01
-2.301125202937293750e+02
-2.028135126624619033e+01
3.805735340405874467e+00
1.413367544469114421e+02
-2.279115586882121534e+02
-2.263387936568416876e+02
2.127341006769792386e+01
-1.738786768407941281e+02
-2.112670115401614339e+02
1.881047138148250895e+02
2.074073036294049643e+02
-3.338399507983824321e+01
2.310134814756891046e+02
2.303100765205446407e+02
-5.613379453687325338e+01
-1.741748678689917256e+02
-2.274283677591471928e+02
-1.943076941131213857e+02
2.279047271069650833e+02
-1.609747834142906129e+02
-1.752073817465723096e+02
-2.370551433542453026e+02
9.528833185442894660e+01
-3.327491395229020554e+01
-1.655983589497045898e+02
-2.200359787681545072e+02
2.654685305378305884e+02
-1.947232773967473918e+02
-1.836216643621299056e+02
-2.477797082131920092e+01
-2.450039535196842166e+01
-3.530078253521982390e+01
-1.831499714172384756e+02
-2.161047103348264784e+02
-3.886372611727566095e+01
2.181335769957914579e+02
2.124034563622114717e+02
-4.099981458133844114e+01
-2.951838542247618307e+02
2.434527410392886679e+02
-4.601392230658314730e+01
9.946216564255756509e+01
-1.885289087153371383e+02
-2.058428334766607009e+02
2.320062914317952618e+01
-2.209278833430239786e+02
2.106285656791624774e+02
-2.189121192738763568e+02
-4.343738007620743247e-01
-2.086480035439750225e+02
-2.024091288038480911e+02
-3.071957429717244281e+00
2.579819771043937067e+02
2.560456690873396610e+02
-5.325224666461527079e+01
-2.255610747601196806e+02
2.119843685332096186e+02
-4.682533532902795059e+01
-6.931337804112992274e+01
2.437833116079070521e+02
-1.739695699347048503e+02
-1.784454287690267904e+01
-1.774295660852898777e+02
2.320691176085693144e+02
2.735852426485402020e+02
2.464716215074859349e+02
-4.256902732113573506e+01
9.581328144940887626e+01
-1.538581314205571005e+01
2.124504093975301657e+02
2.775569146020202993e+02
-3.914698281548493952e+01
-1.743348027048194240e+02
2.239319431502040345e+02
2.074088333319180606e+02
-2.080680711408243440e+02
-1.451627777922739995e+02
-8.989177815494356594e+01
-2.537351668842417212e+02
-6.670533557553449100e+01
-7.964171381421962792e+01
-1.709643316936608244e+02
-2.820154785127061245e+02
-1.956654623966017823e+02
-2.346116536750238879e+01
-2.428947340226628171e+02
-2.170270610809496930e+02
2.179830916491944208e+02
-1.019022536705763997e+02
1.817384404722009776e+02
2.454735072191849099e+02
8.806254132208518115e+01
1.948204935418140735e+02
-1.231284557661295764e+01
2.367743198659486268e+02
-2.133840669640100600e+02
-2.264350158305580578e+02
-2.635098062662267466e+02
-3.361240660264873270e+01
8.942932636631391574e+01
-1.799906370968641909e+02
2.626394467952253535e+02
-1.912381646813968246e+02
-2.779817806619788598e+02
-2.251356195624616703e+02
-5.674297316351578502e+01
-1.909250479072219377e+02
-1.942078250438112832e+02
-1.843165203344736369e+02
-2.050898681760149884e+02
-5.253063970256100390e+01
-1.422212716255868941e+02
-1.828488806464970651e+02
-2.688475873109570671e+02
-1.328447899793627869e+02
-2.054563025982550641e+02
-1.791085724462064945e+02
-7.451853430111583521e-01
-1.992361958084136120e+02
-1.953588335236668172e+02
1.047246966870017530e+02
-1.701857466590647050e+02
-1.664849826443774532e+02
-1.704022006603731256e+02
2.213333046048721826e+02
1.436838164113152629e+02
-2.443716204615184324e+02
-1.787180592692624828e+02
-1.394725804170685990e+02
-7.055666037847237249e+01
-2.270674981260420680e+02
-2.304700076110724751e+02
-1.898942250339081852e+02
1.635176236093338389e+02
-4.760944655136135850e+01
-6.644173026640842750e+01
-4.481074749682920810e+01
-4.609901849784660044e+01
1.707933852446692526e+02
-2.134352816443703205e+02
-3.281459507842413359e+01
2.261876760460365858e+02
-2.147349898916302209e+02
-3.432682836562965178e+01
-1.781326087242600238e+02
1.404674136917460885e+02
-2.228005602258119779e+02
2.652776721341843995e+02
-1.786748410528846875e+02
-6.902601838511951371e+01
-1.826880376873404543e+02
-2.277986661644368382e+02
-1.919719775807898827e+02
-4.391329588472467549e+01
-4.550250586121332219e+01
-9.119944244608007011e+01
1.305581705143955560e+02
-1.722686312802981092e+02
-8.686221449570538766e+00
2.020332747632545534e+02
-1.579968769486447400e+01
-2.562154931670562519e+01
2.176953367122072507e+02
-2.358419098076642229e+01
-1.753023164384308075e+02
-1.808141902544541892e+02
-5.006051071118235996e+01
-2.348754167835462283e+02
1.791742712585505330e+02
2.467822098597585239e+02
-5.239245124299027623e+01
2.441361662264888253e+02
-1.840076728399706099e+02
2.428946588872354937e+02
-4.075699123646047894e+01
1.584518817475997139e+02
-2.452082637905593856e+02
-2.054640662987802102e+02
2.280706123642036118e+02
2.303902935179819167e+01
-1.963665699177226713e+02
-1.019680699804724640e+02
1.902952402999330275e+02
2.535166575234563311e+02
1.748238069804902466e+02
-1.743722670759015614e+02
-1.553127098331103753e+02
-4.278916042075785242e+01
-1.439727891666403536e+02
2.416093532021547219e+02
-5.551424905455304781e+01
-1.829257679528343203e+02
-1.814572578604996238e+02
9.407566963205866273e+01
-1.598556246456494137e+02
2.305509987572191051e+02
-1.604999635472588579e+02
-6.127518845631557554e+01
-1.950607773520197270e+02
1.763681898482571739e+02
-3.866650306206018683e+01
-1.942872618228713009e+02
-1.839810935870520439e+02
-2.610709550719169556e+02
-2.003663272500403991e+02
-1.506595598590787120e+02
2.047081113730017137e+02
1.883901487943043662e+02
-1.644010328098346463e+02
4.708334190213733450e+01
-6.118107563983268449e+01
1.273188080002368281e+02
2.516060683908903286e+02
-4.911940641864804036e+01
1.331761306928752617e+02
-6.313762780239181893e+01
1.246585116846778476e+02
-2.019400879057052407e+02
2.319003665227842248e+02
-1.684783397000032892e+02
-2.264701054511807001e+02
2.045527346636676782e+02
-2.242112776034641115e+02
1.809732901458115748e+02
-3.832592795238326744e+01
-2.124838439450213627e+02
5.308176460792566331e-01
-2.089353183071949047e+02
-1.844658881699941162e+02
-2.352430250622130359e+02
2.320939544791911828e+02
-5.374511900651901897e+01
2.437345918365118393e+02
-2.069575840865786347e+02
-2.225117853902034710e+02
-2.137790177513433321e+01
-5.797631908434144776e+01
1.547858124922459524e+02
-1.923936375283458915e+02
-1.542733077995075064e+02
1.718574856382611529e+02
-2.150913246177722442e+02
6.038849415905502838e+01
-2.105003650702863638e+02
-5.412123732701405032e+01
-6.667229001698675006e+01
-1.540072243180003397e+01
-1.035247568457373291e+01
1.902079236100366870e+02
-5.539626723545359255e+01
1.878134346273555479e+02
-2.327602359251451958e+02
-2.344793954529846474e+02
4.602244337662222051e+01
-1.180386993953637500e+02
-2.045696786547609918e+02
-7.861593437190390432e+01
-1.893784981216091410e+02
-1.613314752013610587e+01
2.860293495537998751e+02
-1.490118018265175124e+02
1.287718242193850529e+02
-4.057508143884260221e+01
-5.516102816890418126e+01
-1.777210673194208539e+02
-2.119214681202946906e+02
-5.316269381037650987e+01
-2.106631047757409192e+02
-2.533058044103860595e+02
-2.167259119683080257e+02
-2.312960898714822804e+02
2.415871204859967918e+02
-1.598764578443055768e+02
-1.785958598658769461e+02
-2.241702488995686906e+02
9.862409463140541277e+01
2.194048518694777954e+02
2.275678856032915860e+02
-1.581005481289249417e+02
-1.626568872275276476e+02
-2.196302427785849716e+02
-9.386505459836639886e+01
-1.503333015650833886e+02
-5.347279289649344491e+01
-1.639729898191253596e+02
-1.950058330592611355e+00
-1.638981865284884805e+02
-6.572918338254248738e+01
-2.136010488247266608e+02
2.277450029325244714e+02
1.942027398056821426e+02
-1.608248911531940735e+02
-2.127208215261213127e+02
-1.788422945331479355e+02
-1.788226222249176374e+02
-1.568591883836048453e+02
3.095543856557401341e+01
-3.623658241112468659e+01
-1.525522290915018289e+02
1.871779686820393067e+02
-1.383525254096555557e+02
-2.111055566887915518e+02
-7.154897613569292503e+01
1.865373629372532776e+02
-2.241682836539823711e+02
-2.033624299999398488e+01
-1.486280152046224998e+02
6.053528104422879608e+01
-1.582120784081719478e+01
-2.111876206558602576e+02
2.578686812696548714e+02
-1.701984485114832637e+02
-3.353622325212285205e+01
-1.808203554117287410e+02
-6.596817587289999096e+01
-3.714561705753434495e+01
-2.070270894706962963e+02
-2.074777038105965516e+02
-1.703110019061382729e+02
-4.254910178823378430e+01
2.292117639150988850e+02
-3.391687729853006772e+01
-1.694166291037307701e+02
-4.601631391682822425e+01
-2.186599899603050119e+02
-2.223648018122436838e+02
2.201428612245474028e+02
-4.947146866865614356e+01
-2.206963786039711977e+02
-5.263641834984105117e+01
4.763850079878676524e+01
-1.864718793325777995e+02
9.328863151656638308e+01
-3.539254537277764712e+01
-2.293473876351993681e+02
-4.555232709666141488e+01
9.446116152969918289e+01
-1.578112563098332544e+01
-1.672139286887314427e+02
1.810810601641182416e+02
-1.663844109353966019e+02
2.175708763515800683e+02
-4.690885545802885304e+00
-1.714593837277080013e+01
2.177525975543103698e+02
2.341039065864066231e+02
-2.264215796775150125e+02
-3.389041904682194684e+01
-1.861879531222518267e+02
-4.726352590939924880e+01
2.301154872031233083e+02
2.402393854051650237e+02
1.779116486344771886e+01
-3.730690785212631511e+01
2.039231161795631806e+02
2.521203767558992013e+02
-1.794811006542412315e+02
1.492613327699062893e+02
-1.995288252387525745e+02
-2.266892161031470891e+02
-1.901076936728786677e+02
-6.378734059108361265e+01
-2.188272965054867427e+02
1.383472852413804333e+02
-1.497335660729246456e+02
-1.701444227654301358e+02
-2.117934394602968382e+02
-1.768916080753965048e+02
-1.932233601016123998e+02
-4.168677991382389791e+01
-4.394376726964869562e+01
-2.670956046351506643e+02
1.084008535151950241e+02
