-8.990683451207651444e+01
-6.774085739408988616e+01
-9.591392987627489219e+01
-1.557943804865694801e+02
-2.561444451954013175e+02
-2.881502275780578088e+02
-1.797970286327978044e+02
-7.361536581441768590e+01
-1.215869888600089155e+02
-1.742089784253088283e+02
-2.087955586018238137e+02
2.428250877537700703e+01
-1.212867967295691329e+02
-9.043753858237704435e+01
-6.858452436251054962e+01
-2.071090730690777661e+02
-1.319306897146203426e+02
-2.001319543703518775e+02
-1.436387263762930502e+02
-2.531226644765358174e+02
-3.884892494877285429e+01
-1.598233528202875107e+02
-4.802526427741852899e+01
-9.845352356585642895e+01
-1.440103848529571167e+02
-1.199430418699998597e+02
-1.552282439121801190e+02
-8.748974652368349325e+01
-1.631837524669323329e+02
-1.609543756666819831e+02
-1.189006964488892493e+02
1.313412267968530500e+00
-1.669687207217697846e+02
-1.110898756781683971e+02
-1.487520747517327209e+02
-1.197234207614221475e+02
-3.716501174563356358e+01
-2.060323723145530153e+02
7.587977720645585578e+01
1.430008806943604327e+01
-5.869786372958265019e+01
-1.804997769023626688e+02
-3.649386412055703488e+01
-1.141963759914715837e+02
-1.510372216021110603e+02
-1.984343531906123985e+02
-4.305984732862000897e+01
-3.510242099178537956e+01
-4.434506888074764674e+00
-2.669877341328384546e+01
4.399510937030117930e+01
4.975787473455166321e+01
-1.029260011600732270e+02
7.272172142050079913e+01
-6.720998283980453891e+01
-8.381747222133198250e+01
4.353135194122177154e+01
-3.099628507592666438e+01
-7.007074629057876791e+01
-2.772144929198005059e+01
-3.511268206416805526e+01
2.173844482291154634e+01
-8.374846659669960047e+01
-1.213217146373629021e+02
-2.299457410341664740e+02
-2.483265035836303980e+02
-2.879712937683658538e+02
-1.124265503841684932e+02
-1.697382436327549726e+01
8.538559824964761447e+01
-7.430950589169809462e+01
3.429680458917415820e+01
-2.906900253686016100e+01
-1.530067330720218592e+02
-2.601358611943628674e+01
2.145289248679339096e+02
2.350017699905912139e+01
-7.987105803790873892e+01
-1.645073215660629984e+01
1.292112370930789780e+02
-9.811954380016410937e+01
9.988469560462229779e+00
-3.121213719364151373e+01
-3.061460645734141650e+01
2.670638700225863360e+01
-4.007322352581689273e+01
1.841235678336803119e+02
-3.346175290307341399e+00
-1.103171920360858316e+00
-3.100823557728522317e+01
-3.105869524423820849e+01
-4.163265470607320395e+01
-1.379423800671654590e+02
1.887482555494822805e+02
-1.986776710684096159e+01
-7.107972651982876755e+00
-5.057405695916094146e+01
2.173850701180649025e+02
-5.687545456582476788e+01
-4.129213617882668075e+01
-6.520170903283671748e+01
-9.684130823892289186e+00
5.397313239080280312e+01
1.921713074109865147e+02
-2.864682640464535268e+01
2.203942099486341135e+02
7.117276754137691341e-01
-2.328959509346273293e+01
3.431072696824057466e+00
1.865171032687479737e+02
2.929316236525605746e+02
1.484554822166566623e+02
2.052622069771413180e+02
1.520903500973483631e+02
-4.063683664642886129e+01
2.557624863163272835e+02
-3.351551537852479612e+01
-2.868532740713744289e+01
2.406186465080230050e+02
1.463270906127864368e+00
2.690147108929255637e+01
1.562433153579670488e+02
-4.557143059034187260e+00
2.100821565613477446e+02
2.251655155573206457e+02
1.995664029849283736e+02
1.965123061539242713e+02
1.856030338611140849e+02
2.645128571841186158e+02
8.857591816403937557e+00
2.114751208193571017e+02
-1.819140205831081403e+01
1.294592743868265927e+01
-1.232480438002452061e+01
3.045965004758129169e+01
2.076716777063177144e+00
5.840051223128628521e+01
1.862847336010204344e+02
-5.893730715707405210e+01
-1.225278783458101906e+01
3.007558939669322626e+02
2.449012078962375938e+02
3.325545791817093644e+00
-2.543042599275476334e+01
-1.289329514626822615e+01
2.016139788931766930e+02
2.956139560341549668e+02
2.018044618709444649e+02
2.314614917528094225e+02
1.465157585770376727e+02
2.755220377233485465e+02
2.686951837210443728e+02
6.604689557098060959e+01
1.364801282841791163e+01
3.025659095168240054e+00
1.966716436069544613e+02
-4.010247581002720096e+01
2.745124778838008979e+02
3.176229511737669213e+02
2.621888902220380260e+02
-6.987026723832790331e+00
-4.520806975310238229e+00
2.484756405007081810e+02
6.790221965958936323e+01
-2.941560620702849960e+00
2.122223698645596244e+02
2.085913474598480661e+02
1.750024609407441289e+02
2.238545002868457345e+02
-1.184907081835909537e+01
2.199578316424237983e+02
2.079933469828783927e+02
2.280284893087788021e+02
2.260483598282526145e+02
2.063731397974232493e+02
3.283279179579108131e+01
2.993291341456560062e+00
1.797270877466218764e+01
3.271319492095545201e+01
2.189306751582720700e+00
-4.806361614594684539e+01
1.280125132184049903e+02
-2.173292852609850101e+01
1.964021931146407240e+01
2.472407200138486871e+02
1.922052807482256753e+02
1.463667511225234534e+02
1.989755304156355180e+02
-2.814081381869856813e+01
-2.137101061562912818e+01
-4.303641881941832992e+01
-5.617488055240475120e+01
-3.943423969267813334e+01
-3.282123069805122384e+01
1.720444605759777801e+01
9.129350456428078076e+00
1.969727850987470390e+02
2.468756373770222723e+00
2.385929061683108188e+01
1.572855848066944304e+02
2.065153263229574634e+02
1.508355131024646800e+00
2.012190112667756239e+02
2.295977158956674771e+02
2.314184480909017338e+02
-1.963704293170279414e+01
-1.685368155424025360e+02
1.675211460410661379e+00
6.266567070968239506e+00
1.749777662279606005e+01
5.343225192749118690e+01
1.799604593877805598e+02
2.418497708199696490e+02
7.519053504353540696e+00
2.162433282635473972e+02
2.190346939894405978e+02
6.191016237152393842e+01
-6.572824227706610145e+01
2.370136869311875785e+02
2.684845474289537606e+02
2.013570435745444343e+02
2.272208673736006688e+02
2.004326328538526241e+02
2.776295127708968948e+02
1.650627930526771365e+02
2.009895169817453677e+02
1.857121099296015245e+02
1.875058743647298911e+02
1.231037497636504270e+02
1.699068533611343810e+02
2.218995904045028169e+02
2.376312025828841286e+02
2.326229178117690708e+02
2.167028355966709512e+02
2.015750827787271646e+02
2.251093715711494383e+02
1.700113317035838918e+02
-1.779721307775974992e+01
2.554908452295670145e+02
1.892582646299279645e+02
2.564298347107949212e+02
1.745573120054962146e+02
2.041165970005074826e+02
1.619722853768953428e+02
1.827888701990819982e+02
7.273892987540091504e+00
2.393244343996818486e+02
2.302402229307868708e+02
2.220325224256505976e+02
1.679442458057974079e+02
1.393574330138043251e+02
2.008560596906761191e+02
2.416325552608011265e+02
1.130224799088502436e+02
1.679923941397290150e+02
2.568033449890585871e+02
2.089967639318886086e+02
-3.484670301754708532e+01
2.013646986452870919e+02
2.095031821727903889e+02
2.921402054592789455e+01
1.519239615424077385e+02
2.457269519260598258e+02
1.941899955528383828e+02
1.605855395946547333e+02
2.912074359425075727e+02
1.756774213628983716e+02
8.663088262014778707e+01
1.786160510643013879e+02
1.624088980183204853e+02
1.992849456285275380e+02
2.541651420216841473e+02
1.506126270655394705e+02
1.390447496301612205e+02
2.290554777940701001e+02
2.951793169534076924e+02
2.478047650620571574e+02
2.206899704100846975e+02
2.167107322016339026e+02
2.514476042492046588e+02
1.979809928015980063e+02
2.185706638671253472e+02
7.271782666811813556e+01
2.593203145402263203e+02
2.436671889942852545e+02
2.515890167586049415e+02
2.121885755468589707e+01
2.540294856417705773e+02
2.725753753632781127e+02
2.265920185835675795e+02
1.353573008691096220e+02
2.212991860297051119e+02
2.248324855428295166e+01
2.000215402200876724e+02
2.087299506806897966e+02
2.157252133737307531e+02
1.631309719806976091e+02
1.970240256043857130e+02
2.693313404449791051e+02
2.454019266043101197e+02
2.508824929169311417e+02
2.669903894013697823e+02
-1.465455698098535038e+02
9.224854526576120861e+01
1.916431212600755032e+02
2.529351304913237186e+02
3.256252442873486643e+02
1.276809445752308676e+02
1.864894131350145017e+02
1.708897105826354448e+02
1.687343157536294314e+02
2.326928289720308385e+02
2.341256780491626444e+02
2.661804868285505563e+02
2.339147332345301322e+02
2.435214666839869722e+02
2.684690134242570707e+02
7.330737980485187677e+01
2.649336187379806802e+02
2.110136986169239037e+02
2.256034238178233977e+02
2.284381877262319449e+02
2.670994443322198322e+02
1.154660854438664330e+01
2.167128904098358930e+02
1.430509477410782040e+02
-1.953387389473861901e+01
2.228431791165507150e+02
2.413806783976319537e+02
2.115792147107163146e+02
2.141329990517958208e+02
2.461488799308996249e+02
2.498702271002524071e+02
2.254369487012772311e+02
2.353538531596496739e+02
2.480162421967968100e+02
-1.627227076541996098e+01
-2.015221638845409302e+01
3.751339793272746448e+01
1.943179127423591126e+02
1.655775116499493151e+02
2.725273963445330878e+02
2.313251237307634085e+02
2.681799583720510327e+02
2.558773524448309615e+02
2.488630339108807448e+02
2.577681655945463604e+02
2.440065100392295108e+02
2.743077775177849276e+02
2.399515815790200577e+02
2.431183892129242565e+02
2.320516873717295709e+02
2.519472897216826937e+02
2.662712894411218372e+02
2.016463505984620781e+02
2.206939626558573195e+02
2.225652595277446721e+02
2.338495418999070807e+02
2.468552868927831128e+02
2.370235850132022222e+02
2.215538335213747416e+02
2.231279564699526645e+02
2.481850469888077839e+02
1.813877811707453418e+02
2.558172836755747142e+02
2.478555459982057982e+02
2.558402348127199559e+02
1.755603408196013788e+02
2.796053154422656917e+02
2.753926771325376421e+02
2.617747904577237250e+02
2.402373951104938499e+02
2.882314783119859314e+01
2.623417587628193814e+02
3.053697687231652367e+02
2.372194958374014959e+02
2.359191681455838534e+02
2.792291483860799417e+02
2.734506047865812661e+02
2.863362738832221339e+02
2.430528897460209805e+02
2.375060738722130793e+02
2.442286685925860468e+02
2.613073569727724816e+02
2.527506805354528296e+02
2.355608798734477318e+02
2.450314887351529194e+02
2.744076745089826659e+02
2.981698028909170830e+02
2.302899610280862817e+02
2.482229949799666997e+02
2.574036872201251640e+02
2.689243307819554047e+02
2.618780377286948351e+02
2.601068750920250068e+02
-5.248293880656802912e+00
2.834787992735216449e+02
2.745953172547019676e+02
4.161261087978161299e+01
2.751840800737546715e+02
2.862844246837462379e+02
-2.492620400532146618e+00
2.968236356586533589e+02
2.069182577409618204e+02
2.013264511762154996e+02
2.672680717313852483e+02
3.002034108558257230e+02
2.761836303247519027e+02
3.018108355160065912e+02
2.474673720235973633e+02
2.815564192895903943e+02
2.361044192747725106e+02
2.193230693949780630e+02
2.073503443461057714e+02
2.014109570533951796e+02
2.242893704166883140e+02
2.723871871511286145e+02
2.758340292681446044e+02
1.824392842795490992e+02
2.251538268399255571e+02
1.845848057683050740e+02
2.040797491869716396e+02
2.721457210568936489e+02
2.664570549077417922e+02
5.842164501606356453e+01
2.395784282683689526e+02
2.820287926756425350e+02
2.681570065060177512e+02
5.529404831826244049e+01
2.638204541639210561e+02
2.245019481319409920e+02
2.640387738126405566e+02
2.704367192396167638e+02
2.890687553638190366e+02
2.578223839052061521e+02
2.418223549039123554e+02
3.106809498273423742e+02
2.248725372863099210e+02
2.088403748293531521e+02
3.472605554387502025e+01
2.797604261392322087e+02
2.565096097620415776e+02
1.877063396125543875e+02
2.478208352713022293e+02
-1.848403821193161889e+02
2.121654269610327503e+02
3.067111558597442240e+02
6.091274656409711952e+01
2.136698117925025144e+02
2.802068059968195826e+02
2.628075191405463329e+02
2.267099264859270420e+02
1.597091591220571161e+01
2.630219713562305515e+02
2.749196689053268301e+02
4.014248525604966744e+01
2.617303657288250633e+02
2.906720034944925146e+01
2.611291284049800652e+02
5.000244116538996764e+01
2.414107432152183037e+02
2.651133790444450824e+02
2.508355997704583160e+02
4.985929659539650061e+00
1.987524514796436961e+02
2.176001814951073925e+02
-6.551216343326539970e+01
2.351595700668879942e+02
4.043819617304347958e+01
1.678339781082239597e+02
2.658630446801503808e+02
2.573167033714045715e+02
2.699520722949948777e+02
2.189774416408574780e+02
3.127593549560666020e+02
2.613737047421103625e+02
2.450132422056632606e+02
-1.927088784807210686e+00
2.724817716022012064e+02
2.345485367697359607e+02
2.549117955905165616e+02
1.532700541840098651e+01
2.296458182169845941e+02
2.425472073027606825e+02
2.355674914783203917e+02
2.677515545903918337e+02
2.387333249610294104e+02
2.903287702633706431e+02
2.366412565362866474e+02
2.447070532696115208e+02
2.520052458524569943e+02
2.091340717025208846e+02
2.398857511023940390e+02
2.497431459872279333e+02
2.438714428892591854e+02
2.556102882390563877e+02
2.495081525482429470e+02
2.541834385709468336e+02
7.490852194160655131e+01
2.745237976872444392e+02
4.659770736467089591e+01
2.343106500451267777e+02
2.700862070912187960e+02
2.537554410794252533e+02
2.408210019320495121e+02
2.934134751926574154e+02
3.114771802821747997e+02
4.014874568876646777e+01
3.539360885089104158e+01
-5.008801492039225423e+00
2.519247583812871198e+02
2.585583842685718992e+02
2.339925818269680065e+02
5.132916981148500213e+01
1.220771256321480820e+02
2.378219592495678967e+02
2.436405816817222956e+02
2.497035066315585823e+02
4.700288898481346678e+01
2.633621970350080801e+02
2.551204294586629828e+02
2.571871095241909870e+02
2.567506229499941810e+02
2.505342574829302862e+02
2.319339811667906019e+02
2.390604998005460402e+02
2.284918632302043306e+02
2.716088925041195807e+02
2.251549728091401903e+02
-1.408290474635165879e+00
2.784157555847049821e+02
3.248973609362874981e+01
5.091801614981687862e+01
4.174571596544060981e+01
2.141891525532816161e+02
3.902569728349706679e+01
1.130448829442174485e+01
2.443396277745528948e+02
1.050743163175406636e+02
2.368214007090701045e+02
2.645738713090516967e+02
2.352690564367477464e+02
-6.022094525172676072e+01
2.491446834117565459e+02
2.510077540308766118e+02
2.656845504692249733e+02
2.403061912601653773e+02
3.990493340767463337e+01
2.344562178645500410e+02
3.682470286825872563e+01
2.304493425839878569e+02
1.262462420366770885e+02
2.998030993933336958e+02
2.365748783192706810e+02
-4.779054660175340530e+01
3.723658929150428776e+01
3.382249938672555345e+01
2.377801713869968694e+02
2.850460474260343062e+02
9.351389318996638167e+00
2.505142431255443682e+02
2.308853961000891104e+02
2.177606939700200428e+01
2.515154238041570238e+02
1.484667213330973823e+01
3.214925167166114761e+00
2.580152252945222244e+02
1.425015344293319686e+01
2.789135228543976837e+02
1.644791887549710907e+01
2.814474529989936968e+00
7.101640913181125825e+01
5.123988544741533246e+01
3.158861136617949228e+01
4.456599484384821608e+01
2.637682290592978234e+02
2.678561829909024823e+02
2.866095428475870222e+01
2.700661572624434257e+02
2.593362700668641878e+02
5.669673755654741854e+00
2.431824599989212743e+00
7.765999287625319880e+00
1.419792375901008086e+01
-1.869116039192910250e+01
7.956153621769459505e+00
2.632300314500764671e+02
-1.490566652915228190e+02
2.111242891132326918e+02
2.476297514108893552e+02
-2.278600243281951521e+01
2.772418488313422813e+02
2.400547138143478776e+02
7.162194885463165406e+00
-2.446695065841927885e+01
2.676549831214476853e+02
2.655568084386635519e+01
2.520518019322159944e+02
1.851327057238992211e+02
2.355171689254829914e+01
2.508477135197157679e+02
6.257049454205642292e+00
2.604284891166715852e+02
2.472024965753035417e+02
1.267832343828692387e+01
1.836761709690730981e+02
2.656312079561264454e+02
2.919391113954663410e+02
2.807569700425034398e+00
2.252120602609629714e+02
2.721997299334708487e+02
1.463053530330996352e+02
2.929157634158706855e+02
2.097261534047666487e+01
2.636878972093363700e+02
4.254256989247818410e+01
2.399832187991317198e+02
1.733616585353911432e+01
2.644969890679903415e+02
2.001705144825871230e+01
-7.149513933389533804e+01
2.594333005047367351e+02
2.753928446399527843e+02
2.177262021394150224e+02
3.277207770905943107e+01
-1.046385825629219113e+02
-1.078510205056362281e+01
3.483148972301887625e+01
2.381762883414876342e+02
2.609352384093996307e+02
-6.608617529175347727e+00
3.027238572569938242e+02
4.907806442933588187e+01
1.408621558176307076e+00
2.224132978369398472e+01
3.207222799059042018e+01
2.507037965664555657e+01
2.247632137868542657e+02
5.173064914950523985e+01
1.754795183216594978e+01
2.835056897241684624e+02
-1.945721994239175956e+01
-3.372094314242322355e+01
4.646197778003511303e+00
2.594989176448879675e+02
5.233873923881102996e+01
2.443802707221998674e+02
3.718065278815456054e+01
2.621115481473695468e+02
2.700018873980822036e+02
2.083104317823891165e+02
2.879513550200610439e+01
2.904074719537757687e+01
1.127007536356794049e+01
-1.803620929966470499e+00
3.369283383427907097e+01
2.151207323962084672e+01
4.859240351722078799e+01
2.731294523153935074e+02
5.953547193409738725e+01
5.926427335737938051e+01
6.074510155773904785e+01
4.963066835380681141e+01
3.116817533025505327e+02
-1.301836956608352125e+01
2.560858181031754839e+02
-1.744131668725164275e+01
2.045227184517968624e+02
4.697892182687385798e+01
2.023485466633104579e+01
2.400713633107257010e+02
1.810805027480714102e+01
3.958143132937030373e+01
3.726028785400652055e+01
2.605766659457370338e+02
2.471600813484542698e+02
1.202639521856633138e+02
2.659082862180243865e+02
-1.238002923630301666e+01
2.177501955376906153e+02
2.537351823528285877e+01
3.818243984494316123e+01
2.406073520916840209e+02
-5.498475935270661807e+00
2.658778157801394286e+02
-1.759441364460381863e+01
4.241736677528106725e+01
4.414938454720163463e+01
2.244342912996098107e+02
2.410473636156225723e+02
2.223908815957263414e+02
2.283677284800382665e+02
2.751055051317433140e+02
2.532020656071255189e+02
3.200068236918400544e+01
2.603395200113004080e+02
3.699704952508795941e+01
2.525913608512470887e+01
2.213937566012319280e+01
2.483241193189380738e+02
1.637296942640750785e+01
-5.189095824162919257e+01
2.497096665847475094e+01
2.323915610233725317e+02
1.331566571610138112e+02
2.422574801723297355e+02
2.321369351870652054e+02
2.675577128868569616e+02
3.642215861552901401e+01
2.439942839681902456e+02
2.838861220478341352e+02
1.311512635629151191e+01
-6.383756798176165148e+00
4.532275754589124972e+01
2.693480534423003405e+02
2.541508996368984015e+02
2.611415078652375996e+02
2.606140800970305804e+02
2.378868385998344195e+02
2.396424818651259727e+02
5.290706630728081450e+00
2.580255274517525663e+02
5.465275088768123624e+01
2.719304190851235035e+02
2.367036022061058134e+02
2.627672209925243010e+02
2.289660072016677361e+02
2.594876844289266842e+02
4.304363823060387517e+01
2.368221072054201670e+02
6.265886746856099876e+01
4.646084649639993813e+01
3.000402987018336489e+02
-1.631524524114348651e+01
2.300161334974909551e+02
2.630508853539966481e+02
2.534629541499883203e+02
-2.175237604380143353e+01
2.658895727474100568e+02
2.471806326601005139e+02
1.499291622989001098e+02
2.643725058472928708e+02
2.942357846982185947e+02
2.865033651936805654e+02
2.637379940105987544e+02
-6.417730939840481597e+01
2.707973590947685807e+02
2.345956459516793302e+02
2.634739427704100763e+02
2.504849441106766790e+02
2.874261596072814200e+02
2.616121819477765484e+02
2.918550998997311581e+02
2.347083747470926767e+02
2.403041789942875823e+02
-1.535596245859734665e+01
2.592156090240321760e+02
-2.585264406522830427e+01
2.101092124295441010e+02
2.506996581184012598e+02
1.073519117459476035e+01
2.702231163152375757e+02
2.781542993357861633e+02
6.495794519359341734e+01
1.916630906676780910e+02
1.632731246719723117e+02
3.120000683163084432e+01
2.679306440708401169e+02
2.736930241130206696e+02
3.147070253377791005e+01
-3.118607192619151647e-01
7.147851467022462657e+01
2.291610098401940263e+02
1.387894702761779797e+01
3.706855720931622500e+01
2.198114141465127318e+02
4.191642323906160073e+01
2.573532145554027579e+02
3.670736514181251664e+01
-1.196914455277280354e+02
4.101114795245860023e+01
3.015484441756918272e+02
2.225461769283701301e+02
2.632083976475528289e+02
2.163015616421971004e+02
2.550732433778222230e+00
5.414754912205003734e+01
2.179810733739702471e+02
4.014810327236858711e+00
2.276216726980858311e+02
-2.191007014039841749e+01
1.400606586932580910e+01
2.716596944271176426e+02
2.259067298952319902e+02
2.184490898512216290e+02
4.158140394635935877e+00
2.790942477868700280e+02
-6.567138277641396371e+01
2.888203472204917261e+02
2.687779720865609647e+02
-7.197747066969469643e+00
2.396937823923142616e+02
2.430080536922180841e+02
2.879168084573337865e+02
2.829790028543295648e+02
-6.769075806583487065e+00
2.997494702312129675e+02
2.424890559239295271e+02
2.807874884592791886e+02
-2.471570245190737580e+01
2.571135021992965335e+02
2.884880925000295520e+02
2.660459711579434270e+02
2.764435972433832376e+02
2.496075639196700990e+02
1.388826820577601495e+01
-6.199433991386555931e+00
4.900932204353267707e+01
2.164269016024427970e+02
2.499611635582036797e+02
1.480749439533495888e+02
2.686661144943414001e+02
2.870609688688080041e+02
2.552951970260427004e+02
2.891610728096351863e+02
1.195838162897779284e+02
2.429405341816006398e+02
2.467778382757075235e+02
1.926299562233456015e+02
2.653032964393983661e+02
2.711128661481752715e+02
2.978527445597234191e+02
2.604345364773582787e+02
2.825706485645658859e+02
2.357294058071462075e+02
2.790804741493395227e+02
2.340689511977873565e+02
2.886555471162128583e+02
2.967996888561377773e+02
1.828007475184784880e+02
2.032565168215879794e+02
2.390972713145883404e+02
2.687525167229749741e+02
2.845357259666698724e+02
2.156819646577817196e+01
2.458923562836236840e+02
1.965110156694046850e+02
2.330003522999175516e+02
2.626061363867772229e+02
8.107797892718906496e-01
2.899223495161843402e+02
4.816705152081461705e+01
2.821345741411238350e+02
1.302230565594397262e+02
2.636837689084217118e+02
2.803794436730479447e+02
2.792710426940884076e+02
-4.446710699066034067e+01
1.948309661687634389e+02
1.919038509421595222e+02
2.742834330993348431e+02
3.074004269658697694e+02
1.509833442700870592e+02
2.255269896978778377e+02
2.482424205634886221e+02
2.487586077067523718e+02
2.518452795860471554e+02
-1.458082914091353643e+01
2.837260937268945895e+02
2.517060339576782440e+02
-1.773946654833130765e+02
2.161183411271625232e+02
-4.803346073306443031e+00
3.026633847928570731e+02
3.094054311449735906e+01
2.298584003199287622e+02
2.664591810075646663e+02
2.580336250757576977e+02
2.798117665287643945e+02
3.083338690761719363e+02
2.860403352242321944e+02
2.842542701953377673e+02
2.855150980473146660e+02
2.746661134490775567e+02
1.771689088648690813e+01
2.710601386987960950e+02
2.510128120065640758e+02
2.635603989301746424e+02
2.606411355011194928e+02
2.748145286218077672e+02
2.369424230242490808e+02
2.790346291922403452e+02
2.618987717341298094e+02
2.539759215739018430e+02
2.734165247347326613e+02
2.520362044415218179e+02
2.631833215600535141e+02
2.527271661287287259e+02
2.906379355015556598e+02
2.424001844115328197e+02
2.914254972737780349e+02
2.825816213108567467e+02
2.522562909557972262e+02
2.703652563286526060e+02
2.673177542778554994e+02
3.043935505298933322e+02
2.273368078897212001e+02
2.135795177675567516e+02
2.440031410373746894e+02
2.665237361521783441e+02
2.558504408837516735e+02
2.724440990519918842e+02
2.237913510569708535e+02
2.621557309073584747e+02
1.099024692556930631e+02
2.440193553032344767e+02
2.958513576245783270e+02
2.575311397399401017e+02
2.812946984818893270e+02
2.599355771211929209e+02
2.769804495132320881e+02
2.005386546328687416e+02
1.068598422708713542e+02
2.361795852519467189e+02
1.572321094644989330e+02
2.679103405923661967e+02
2.533118266780096235e+02
1.863178836513228873e+02
1.081850379672793281e+02
2.678843778311244250e+02
2.818505167363737769e+02
2.729701596640260277e+02
2.757983349409423681e+02
2.571722115314627217e+02
2.673519963010028277e+02
2.420825634145850813e+02
2.750879351885535584e+02
2.682780165391291689e+02
2.600910074944308690e+02
2.431965616968099653e+02
2.612494693156641006e+02
2.749624248808918310e+02
2.590298918165934765e+02
-1.024778790572439959e+02
2.756496756912575847e+02
2.729271016627840822e+02
2.628553625317185833e+02
2.565395073932338619e+02
2.497207659014744934e+02
2.402645684043087329e+02
2.961823624251852607e+02
2.631634723374884288e+02
2.562578979031305266e+02
2.366270104710948772e+02
2.483063794365884860e+02
2.691348792887143873e+02
2.413396001778391451e+02
2.562536983210734434e+02
2.097747498146572411e+02
-6.156887614149424870e+00
2.208628229735951436e+02
2.275997660311675190e+02
2.557215148670027816e+02
1.587414839857940478e+02
5.687724460508130520e+00
2.824577069372094229e+02
2.292345000286661900e+02
1.737717849298128385e+02
2.313654728195788266e+02
1.053355611670225045e+01
2.654560427985817341e+02
1.655008696812331550e+02
2.436847872634804162e+02
1.863233339567241273e+02
1.992102588411080148e+02
2.575485586776384253e+02
2.389648400819466758e+02
4.430471328423493560e+01
2.918178152513462464e+02
1.705026057098889964e+02
2.581133902949583216e+02
4.435824575566087447e+01
-1.393519138826159320e+01
2.817738014237084485e+02
2.882920942889013531e+02
2.385237345481983482e+02
-1.143718814564523356e+01
2.380886171954377062e+02
-3.129733962221062882e+01
3.014256342231224721e+02
2.514856495082450181e+02
2.438268044336821561e+01
2.545043272192141615e+01
2.267726481619682772e+02
2.440686207987160685e+02
-1.092828827122441337e+00
2.829337639976459400e+02
1.574738377335066843e+02
6.422448442022117732e+00
-9.927382320639679847e+00
2.049623501074347303e+02
1.651560387779542793e+02
6.415651276515686163e+01
2.959410110361105808e+02
-5.394998921321472807e+01
5.841508443275253626e+01
2.418248785059244312e+02
-4.046146119000557917e+01
1.939822237720116505e+02
5.008557754610401425e+00
-1.929241291921862356e+01
2.077112693808618360e+02
1.118214893195981929e+01
2.342938273087639800e+02
2.474274928784471399e+02
1.791434955446650292e+02
1.402060641394736962e+01
2.002567293522436671e+02
2.718379264770339319e+02
-2.145950339567819753e+02
-6.466693120524421090e+01
2.986149055456680799e+02
2.541210520970661833e+02
1.731860392360883907e+02
2.858180638311362145e+02
-4.314728020626726845e+01
1.127803369347801166e+01
2.704290585312472786e+02
-3.377874005430980375e+00
2.934603189931869451e+02
2.306844033542080865e+02
2.302160510785813869e+02
1.797183779497598266e+01
-6.393668701584327607e+01
2.465328801721838943e+02
2.487779766875830774e+02
1.054879969658688594e+02
2.427262354815345304e+02
3.056328081261639227e+02
7.261393757180763942e+01
2.787939966508310476e+02
2.719218393908805069e+02
1.897442807366977604e+02
1.968804807175404790e+02
2.610655769775115687e+02
2.872082957170346162e+02
2.903780065014464071e+02
2.463281457901439353e+02
2.619667946660078428e+02
2.596670490845140762e+02
2.284687514667692199e+02
2.676800471474298320e+02
2.785369727942947975e+02
2.637978459943935263e+02
4.626253478975729649e+01
2.690635907616505165e+02
2.490047355663607505e+02
2.198922701246296754e+02
2.560926850862282436e+02
2.632836505576868831e+02
2.214646514035759424e+02
2.676749903417263567e+02
2.508222363144570295e+02
2.485498640611931478e+02
2.508658156364182901e+01
2.260106954200707605e+02
2.695460922840115927e+02
2.506129388123770809e+02
3.079587845683062142e+02
2.665305491231881092e+02
2.476402014321582215e+02
2.553144337807402735e+02
2.539982714892150284e+02
3.004814087647216638e+02
1.762027644777346609e+02
2.715563494106646090e+02
2.128635536086402169e+02
2.084843919723238628e+02
2.400503186801109621e+02
2.118749745867860383e+02
2.777555801974489214e+02
2.985032776916941089e+02
2.277593800136560844e+02
6.680946298815443640e+01
2.492702200840211049e+02
-1.940296145024416319e+01
1.645143210612427254e+02
1.685197079232980286e+02
2.233328449965075038e+02
2.419253284774483745e+02
2.273207648109114984e+02
2.611286575141847948e+02
2.303405326645295759e+02
2.899061887472188914e+02
2.846960029879681997e+02
2.459623838995383380e+02
2.788176782277885195e+02
2.134435528331593446e+02
2.431693416295647978e+02
2.720085314699861669e+02
2.372102113976874591e+02
2.573011810109368298e+02
2.052193010185164610e+02
2.625218205806833112e+02
2.497880157119768114e+02
2.678147141134102753e+02
2.932721401777160395e+02
2.350119304254251347e+02
2.629843529021160293e+02
2.971970533313569831e+02
2.341004232152465647e+02
2.380069498952394156e+02
2.310585941197360285e+02
2.265588482575471687e+02
2.791233089831864618e+02
2.037566275280686341e+02
3.039639482145364582e+02
2.465849898808630769e+02
2.549484873015187816e+02
2.392223059673916339e+02
2.344245499197888307e+02
2.702196444685721417e+02
2.747949085501749096e+02
2.623713455649506159e+02
2.199716578868752208e+02
2.842023199810605547e+02
2.147814719096907083e+02
2.551247542375361377e+02
2.691232674209607012e+02
2.601609147023607420e+02
1.143365721341650953e+02
2.483211623474276450e+02
2.495328152867252527e+02
