-1.625967114475575670e+02
-4.273137671530457737e+01
-3.305386616464496115e+02
-2.004181839678076926e+02
-1.479604442996747480e+02
-1.592110385403416331e+02
-3.139779730209284025e+02
-1.758013731125313939e+02
-1.636088473397592793e+02
-6.752393192410485767e+01
-7.034675388617989711e+01
-4.156890915899725769e+02
-4.404800813740078524e+02
-2.344303249319559939e+02
-1.074409785884542714e+02
-8.173661184564352311e+01
-9.184588709362394354e+01
-9.644470533516788180e+01
-1.087725069597160257e+02
-1.636485886585919616e+02
-3.278704725917115184e+02
-5.868574974168006975e+01
-1.024943036930250173e+02
-1.089130251619225476e+02
-1.686035769665789701e+02
-3.116713380829952484e+01
-5.663728084274831076e+01
-4.908226706525343275e+01
-1.388325080755241459e+02
-1.499089908220174436e+02
-7.784986977942250519e+01
-8.872593714108805329e+01
-6.584357862710913878e+01
-7.602938955350201411e+01
-3.579748412933349755e+01
-1.572977065435239297e+02
-9.115090754574410425e+01
-7.134705191107002520e+01
-1.509830328707861327e+02
-1.344746021101627775e+02
-1.720114534035093925e+02
-2.852918597871598649e+01
-2.227060068597880047e+02
-4.552508972104737950e+01
-7.929619779149663827e+01
-4.605048812247142109e+01
-2.910761197292022473e+01
1.568274336277923453e+00
-1.464809725609259203e+02
-1.088389105403061166e+02
-6.946792213405963423e+01
6.208804964527894299e+01
-1.961956768824613278e+02
-3.820472847855575083e+01
-2.481656044067487699e+01
1.319249825333448882e+02
2.604531428920516589e+01
-3.539202831176650932e+01
-2.971531337559551389e+01
-6.428566598502513330e+01
-3.168080965925389592e+01
2.689997362960787086e+01
-1.619848078881346964e+01
-9.076733161935626981e+01
-1.496343878488079326e+01
-8.282499682315507528e+01
-8.827675859122393831e+01
-3.682395334398771070e+01
8.332265390072254263e+01
-5.715774455701846080e+01
-5.473862432012417401e+01
3.736316342756234121e+01
-1.157794305333571572e+02
-4.273706766486557029e+01
-7.132221473004057088e+01
2.392005681093535827e+02
-1.718475178516743256e+02
4.318977802268241817e+01
-3.314624219868633048e+01
-1.464939089861384218e+02
-7.292279654793749444e+01
-1.971473097411740127e+02
-8.014810471951298609e+01
-1.047867979464746497e+02
-3.778821154738798782e+01
-5.818225106160122095e+01
1.627401081034717265e+02
-2.528537027943747617e+01
-2.538109808919961097e+01
-5.494998627697895444e+01
-4.262144392330262122e+01
-2.824396753712308339e+01
-2.744405075853140374e+01
1.485413488308978742e+02
-1.536487835475136876e+02
-4.532085479732824496e+01
1.761314498843269689e+02
-2.760366547860456521e+01
-4.884812079014757558e-01
-2.626793970610804081e+02
-8.047192519027260005e+01
1.880442072027105667e+02
2.469974937740436260e+01
-1.376562790151669731e+02
1.694446145911060455e+02
2.048175982742641850e+02
1.626103748696652929e+02
1.571834085255024993e+00
1.264569485996508860e+02
1.436667256001067585e+02
1.637411003791348776e+02
1.913543354691274203e+02
7.192618766384079265e+01
1.848394744873404534e+02
1.720678480428676380e+02
1.316696765107943179e+02
1.577528480581966619e+02
2.283543724124141647e+02
1.937781998113293582e+02
1.830663054264203140e+02
2.078224095639107531e+02
1.279444488835087554e+02
1.579568517087903388e+02
2.278756073905864241e+02
2.081631079703083742e+02
1.420236838193159770e+02
2.258744385969640973e+02
1.876780929123788155e+02
1.842135749710022594e+02
2.597717635143857819e+02
2.156900856851925710e+02
2.390035009480457404e+02
1.937413306345484898e+02
2.021112615661622272e+02
1.975793655310347958e+02
2.524797683796304000e+02
2.045608767481654411e+02
1.847516204370617459e+02
1.830355958894304820e+02
1.792571138929604899e+02
2.274419090262651935e+02
-1.441699720081474823e+01
1.639196629727723007e+02
-5.575471954557247045e+01
5.855142447573399522e+01
5.626924591729721037e+00
9.611337301812671541e+00
1.744797391502851838e+02
-1.583422007871173776e+01
1.877047649613807678e+01
1.451389116595916562e+02
4.426839982158115028e-02
2.214041536355338167e+02
-1.910209552060772609e+01
2.105535474543193573e+02
2.513698430009870037e+02
2.438438865349710625e+02
1.658606333536786224e+02
2.348684508069854928e+02
2.643041921288500475e+02
1.841231586900314312e+02
1.925667526448056321e+02
1.873316590572777329e+02
2.533546453325303105e+02
2.528420664239031908e+02
-6.441177469466381922e+01
2.040728582763294980e+02
2.035727787245093054e+02
2.466175098306975997e+02
2.604698456348536411e+02
2.017866259454841042e+02
2.529251763163145483e+02
2.517984168808708318e+02
2.002349072999641635e+02
2.506292431545850832e+02
2.566985760906117662e+02
2.555143210333959587e+02
2.821064962834630023e+02
1.945135643545352764e+02
2.288744245530673709e+02
2.374270688403212262e+02
2.483717357824413625e+02
2.766719729125277354e+02
2.353724477244084028e+02
-2.583238823713671550e+01
1.764449323067737225e+02
2.694203713488569747e+02
2.735895465535010658e+02
1.978805458968589619e+02
2.577820213112620991e+02
4.679032803913874261e+01
2.350199382237903194e+02
2.918890086095900074e+02
2.718619754916170450e+02
2.543806980528219412e+02
2.441250474828027563e+02
2.615453193124268410e+02
2.688909094816095831e+02
2.314169102541804648e+02
2.213396763338693063e+02
2.159634204408486653e+02
2.158297257023729117e+02
-4.140836146296511799e+01
2.556505928104469660e+02
2.357603036441407767e+02
2.559727593047491041e+02
1.441503715732610260e+02
2.298069666454020705e+02
1.828000661367441921e+02
-2.410708127815495416e+01
2.670921896932142658e+02
2.062661372627532330e+02
2.079237034335926069e+02
2.397660756650688825e+02
2.370911378422474911e+02
2.528137284839196752e+02
2.507815871124392402e+02
2.368254368689572402e+02
2.168084527407577582e+02
2.802870102813658377e+02
2.228471846878737779e+02
2.696428954710916059e+02
2.288715990834470233e+02
2.233445258119995458e+02
2.802453310801181487e+02
2.702944382991287284e+02
2.236909671553890746e+02
2.361116930355500472e+02
2.288017682371577735e+02
2.216847593186141410e+02
2.635460171044051094e+02
4.986276942399425138e+01
1.967161686066112622e+02
2.473855058021812567e+02
2.516635121657756713e+02
2.051711955760289925e+02
2.701789189312396502e+02
2.270344778009246625e+02
2.700082202692867668e+02
2.520539133365801092e+02
2.051247564407518098e+02
2.696824719695597423e+02
2.871078417715405067e+02
2.391095880490686625e+02
2.178386695504039494e+02
2.424867475244593322e+02
3.253158802726514409e+01
2.718504729334631520e+02
2.678978571655907217e+02
2.500146430286330599e+02
-6.979004289417450480e+01
2.641989092141471929e+02
3.043820892744630413e+01
2.843803760753701226e+02
2.371416819450934668e+02
2.715755466674835361e+02
2.792731192148470996e+02
2.858969736642484349e+02
2.566723453479687009e+02
2.099520007447398484e+02
2.633395915443356898e+02
2.208501425072404061e+02
2.216939605887068296e+02
2.251519777161848879e+02
2.519740544888962575e+02
2.737494824057521328e+02
2.782164966159228925e+02
2.995981018831686811e+02
8.880603049123865844e+01
1.991649616955997431e+02
-3.283997054488480671e+01
-7.570994453533151258e+00
-3.903450777103748948e+01
1.817070042946941726e+02
1.023320149098772021e+02
1.611134881840079061e+02
1.869846107682281229e+02
2.312939301607051448e+02
2.675557559199377806e+02
2.444685710611832121e+02
6.063761756348824861e+01
2.615449664351174306e+02
2.206438534290513189e+02
2.367971258646009574e+02
2.322524005586271301e+02
2.525083484500415238e+02
2.337816972630691055e+02
2.590709974734686512e+02
2.677398790845538770e+02
2.227550537859720521e+02
2.175794861902912203e+02
2.036219960029127947e+02
2.372807530662290390e+02
2.380347554355172690e+02
2.245772155359854310e+02
2.390291241202902199e+02
2.134675521886545368e+02
2.755436325252996994e+02
2.228327637245705830e+02
2.787467545667615241e+02
2.579169946906426958e+02
2.566041070286312333e+02
2.551073251516689595e+02
1.816992176529755056e+02
-2.636536822745213726e+01
2.252601185736788523e+02
2.458225139863492643e+02
2.740449528016509362e+02
2.011471510615445197e+02
2.392424074274336760e+02
2.841078805914685290e+02
2.307205611786910993e+02
2.551284657106343161e+02
2.356108930063787454e+02
2.304009839306941103e+02
2.715787295799386811e+02
2.477682844627765064e+02
2.347662427245840320e+02
2.497967872456282237e+02
2.756801784575131933e+02
3.039665529130144250e+02
2.803796090542670072e+02
2.490340613386253210e+02
2.899795970841356620e+02
2.406935490767660610e+02
2.114014362815190964e+02
2.288481460070463527e+02
2.430356517251762511e+02
2.763049637143377595e+02
2.572373613182747931e+02
2.540324719916457639e+02
2.613312489818337667e+02
2.514424108020604365e+02
2.565413612473455487e+02
2.080621520263643731e+02
2.472623392292074982e+02
2.454015937588846725e+02
2.155557780469993077e+02
2.621342281554786382e+02
2.431018966115962598e+02
1.299987358807914291e+02
2.448402885082155365e+02
2.599184633749632667e+02
2.735725084646098821e+02
2.325925316160155489e+02
2.818033182946008992e+02
1.930004871184848696e+02
2.065050957074256814e+02
2.884668111490120737e+02
1.473472533798233997e+02
2.662694782639778168e+02
2.427516767127791013e+02
1.948003988619806819e+02
2.364556372306883816e+02
2.753259080289977874e+02
2.207170579981615219e+02
-2.972957669629859367e+01
1.561677368976131675e+02
2.273420014815440027e+02
2.256436135973518162e+02
2.227542337513261543e+02
2.077302165603867081e+02
2.724966356004732120e+02
2.413442604961745701e+02
1.949997607445441474e+02
1.318038152057395109e+02
1.798593914029499956e+02
2.002486855523487179e+02
2.613540820588262932e+02
2.435907485957650920e+02
8.750497835214264342e+01
1.812573476830638697e+01
2.730449830578149886e+02
2.678032791609113588e+02
2.826776825207263073e+02
2.678745071838244485e+02
2.195218061932317255e+02
2.503480846149838612e+02
2.553224191433327803e+02
2.538827061166713150e+01
2.513320772775639682e+02
-2.919821597269077529e+00
2.968627628512341943e+01
2.464598149382609620e+02
2.249742986486443215e+02
2.592306719382211213e+02
2.487569236714174394e+02
2.581177975949846655e+02
2.102617842460811346e+02
2.195142643738876131e+02
2.014674523314810131e+02
2.442218323936249931e+02
2.434792592464064853e+02
1.927584146043641056e+02
2.837542189457628865e+02
1.727434819473075720e+02
2.385893847300687867e+02
2.419680271140684908e+02
2.891357659037898884e+02
2.189510800888398592e+02
2.457827863133899484e+02
2.402924635076650759e+02
2.996439445864608615e+02
2.266361750850472845e+02
1.987206491859592177e+02
2.062863432272761202e+02
2.716467841380047616e+02
2.821726941417264243e+02
2.894768997906714390e+02
2.837544613301349727e+02
2.761263923095831956e+02
2.709504983581870192e+02
2.467307022847607243e+02
2.028928087291522502e+02
1.884906357015357230e+02
2.271032019304174128e+02
2.168712796548464894e+02
2.874598890926648664e+02
2.151002788105458592e+02
-4.544345376377441070e+00
2.670590429851429803e+02
1.771225199246080990e+02
2.032072752056392915e+02
2.469412992799740039e+02
2.510287244557399617e+02
2.650981993064754647e+02
2.831760362353702476e+02
-5.363994887196420258e+00
5.548820925513329172e+01
2.770214641777656084e+02
-1.710822645387696284e+01
1.499076412738103556e+02
2.563248931651590965e+02
2.242553292703444185e+02
2.575718567993186525e+02
2.441555085796856872e+02
5.135197357922180572e+01
2.332199736508954118e+02
-3.504673373736989817e+01
2.438905746114079989e+02
2.602726743215557690e+02
2.579304373083813857e+02
2.686326871446374298e+02
2.239848719492064788e+02
4.334922030154345407e+01
2.236256341581573679e+02
2.777429243314846303e+02
2.324136365682255132e+02
2.619381182048273331e+02
2.605454839574705375e+02
3.027806423273473229e+02
2.383384902750149195e+02
2.757982283549346221e+02
2.182137962455777824e+02
-7.819832668380163909e+01
2.137944844720900903e+02
2.999482933543505965e+02
2.258352862482745991e+02
2.739265494565427730e+02
1.109221979510770808e+02
2.041739629905332549e+02
2.614849465793187164e+02
1.441892437390120847e+02
2.082011771513124359e+02
2.205090372842936404e+02
2.555397420340041208e+02
2.793085968867254678e+02
2.707693431225860650e+02
1.981910994009277829e+02
1.160034069320819157e+02
2.019670526061258897e+02
2.460059197539622744e+02
2.514722540018406107e+02
2.073059520099024837e+02
2.000514186116884616e+02
2.612490437977967304e+02
1.042247988659827342e+02
2.416042980354453107e+02
2.676756752668640615e+02
1.978468547133879554e+02
2.803317741126633109e+02
-2.017602524601081981e+01
2.354489432290033051e+02
2.798792913960131727e+02
2.680559214758553708e+02
1.440788427713262081e+02
2.826216907232980589e+02
1.580792825191377915e+02
2.631210515238412881e+02
2.866522496658467389e+02
2.343715550523213267e+02
2.124744404541743279e+02
2.780296885170882888e+02
1.726562099205285961e+02
2.890060517406631675e+02
2.165403111036538917e+02
2.994639327625883425e+02
2.509216039513754595e+02
2.062152241076673533e+02
2.417414902987327139e+02
2.942680389127955323e+02
2.563893883760216568e+02
2.609055022382304401e+02
2.344704170622528636e+02
2.437705643589990530e+02
2.119062757259993930e+02
2.575246583545241492e+02
1.926493582560700020e+02
2.092615851534462763e+02
2.180362519792024614e+02
3.027567313833794174e+02
2.362149775158850673e+02
2.373285928851898916e+02
1.689201940742640602e+02
1.030634076533107759e+02
2.500616770088289798e+02
2.458344325582054068e+02
2.319809667609973758e+02
2.507328017490762306e+02
2.073956890266092614e+02
2.638058970966140464e+02
2.624896864724314582e+02
2.735641000864318357e+02
2.600225871395614377e+02
2.410909004944255400e+02
2.229357569347361618e+02
2.497267732453547922e+02
2.359887879083980238e+02
2.387627370300609755e+02
2.157665067970143014e+02
2.721726539311425768e+02
2.499957781262906167e+02
2.076183552665895036e+02
2.510015509738298931e+02
2.586346490499338415e+02
2.327990034802461139e+02
2.150910082719980494e+02
2.734238830196332515e+02
2.872657939344433089e+02
2.450694100983580768e+02
2.688364296525688815e+02
1.776861786387485722e+02
1.904194850552341904e+02
2.236959253685911904e+02
2.873832604404888116e+02
2.467985656074362737e+02
2.619054584775348076e+02
2.646680887549027830e+02
2.369823699831867714e+02
2.673714015723978150e+02
2.416523316304115099e+02
2.447432330542835643e+02
2.761101538534655901e+02
2.515155341716216242e+01
2.594166911930742003e+02
1.623687634443568228e+01
1.849720592625690756e+02
-1.064542731542964660e+01
1.883508935191902083e+02
2.452559326656774488e+02
2.351053092400701985e+02
2.357289793688695738e+02
2.670001657300879288e+02
-1.988752762756492487e+01
2.448742891048052002e+02
2.361947196426528421e+02
1.977899387605245352e+02
2.560370428662076847e+02
2.769488634328855596e+02
2.743389537128217626e+02
2.295253128805551626e+02
1.949417697092969206e+02
2.952813247051574308e+02
2.320858778199394976e+02
2.716220076458694734e+02
2.337643823319797605e+02
2.089971524999540691e+02
2.919387011516927828e+02
2.176868102808443268e+02
2.452373119156784185e+02
2.793502701934663719e+02
2.315716583139115414e+02
2.577073860031541699e+02
2.646012368355848139e+02
2.344659809898176945e+02
2.361442013222243759e+02
2.351204016931820320e+02
2.217455804755233260e+02
2.834666406123441220e+02
2.825058822465434787e+02
2.835054475430216598e+02
2.322278380205340227e+02
2.520354264643204658e+02
2.851982330536045538e+02
2.174554968375114754e+02
2.580401539509523445e+02
2.389304957511091629e+02
2.710495746975397537e+02
2.633090653037980928e+02
2.616317182582436089e+02
2.323592076106866955e+02
2.199978215343698480e+02
2.370944953037132450e+02
2.960163787683126770e+02
2.189913440606854920e+02
2.764140827754442853e+02
2.456734420619601735e+02
2.590676338572343411e+02
2.395054722510169540e+02
2.790907335380855443e+02
2.071766836038748636e+02
2.407132945977452891e+02
2.367078351066429605e+02
2.274547540381563238e+02
2.662460373353596879e+02
2.229985183036858416e+02
2.361329246216650120e+02
2.776875846823405709e+02
2.576558541853958104e+02
1.159134534943313355e+02
2.623361202815004276e+02
2.801722300987689778e+02
2.189496761099948117e+02
-1.703026283522250139e+01
2.682900294833480075e+02
2.629698579655847652e+02
2.667255899546189539e+02
1.927174548460716323e+02
2.881541852483837829e+02
2.952160866827456402e+02
2.651780155760301341e+02
2.772391121387091744e+02
2.066531057607621449e+02
2.559561688503890196e+02
2.161302279030985574e+02
2.587597744194548568e+02
2.099760324127533124e+02
2.527076842473456963e+02
1.294175971815340347e+02
2.659631849869355733e+02
2.436556372101556462e+02
1.877342268408761186e+02
2.749870158112053105e+02
2.529624991739178483e+02
1.815721674832033159e+02
-2.864131189412342948e+01
2.284726063947350099e+02
1.842597558087417724e+02
2.113796175507214343e+02
2.733859581749346717e+02
3.056195950747118104e+02
2.770486636026279257e+02
1.862218614404005166e+02
2.553556969892532891e+02
2.684215763316839798e+02
2.848594378236440434e+02
2.028892266298979905e+02
2.392196050093971280e+02
2.764368103863852184e+02
3.103871902137405527e+02
2.984439916981212377e+02
1.914513615108907914e+02
2.994670107444249538e+02
2.210556156003329420e+02
2.511299070977696317e+02
2.449398947199315444e+02
2.554759516385445579e+02
2.565803029796188071e+02
3.025349776356332541e+02
2.068850207512081170e+02
1.949430036616247719e+02
2.475023535043901006e+02
2.432656890811400388e+02
2.271203892942522771e+02
2.635678804028672744e+02
2.434830893365291615e+02
2.083604301555610050e+02
2.422945513944763150e+02
2.701416803931014101e+02
2.430996326975207751e+02
2.418641339008526643e+02
2.906900234819605657e+02
2.940513284764814443e+02
2.774300486868247617e+02
2.501361191289183239e+02
2.819557201722064974e+02
2.253645089789752092e+02
2.344029968947550344e+02
2.236887870672533722e+02
2.614995860692127962e+02
2.789280829122753289e+02
2.612397909542937668e+02
2.565564177081101889e+02
2.482308553471200980e+02
2.524981048409772200e+02
2.775216758465094244e+02
2.994853123096899026e+02
2.397328960473509483e+02
1.694531751821158423e+02
2.662827531232244382e+02
2.621165174721144240e+02
-1.588323582063451056e+01
3.140221550152598411e+02
2.858490003538847191e+00
2.767387565679424029e+02
2.916063096556337086e+02
8.825006121580139506e+01
2.451362639060400284e+02
2.250748621235509859e+02
2.079758515405533217e+02
2.397367028103015230e+02
2.373426637395260173e+02
2.411522963733700351e+02
2.630226330953900060e+02
2.637089885394547082e+02
2.668555056242970522e+02
2.528555149800283743e+02
2.559130684972268739e+02
2.734497695536991273e+02
1.611153861780998966e+02
2.459762797154942859e+02
1.134359185697487220e+02
2.635378028424098602e+02
2.771228406917866778e+02
2.295677088145867799e+02
2.730566770586297025e+02
2.409301002304355848e+02
2.388730052918357671e+02
1.526625344091912950e+02
2.504533652659395671e+02
2.711944303839760551e+02
2.279544703126184686e+02
2.651631999670915434e+02
2.826490641560354788e+02
2.821461650814142104e+02
2.388839988622718238e+02
2.391362306048820585e+02
2.539716153133473426e+02
2.756265854264137261e+02
2.769474721511555799e+02
2.206513055712331663e+02
2.634042175871395557e+02
1.897484910496263808e+02
1.977330719961331909e+02
2.363020897222715462e+02
2.952612155280143043e+02
2.752337998621043766e+02
2.704681955145205166e+02
2.513991529748866753e+02
2.775227286167491911e+02
2.144894966051933238e+02
-9.858382229866876401e+00
1.945355351897356400e+01
2.042648923345576009e+02
2.787116009852429670e+02
2.342533204526331190e+02
2.600980876370242640e+02
2.614921988635584285e+02
2.563295674085185851e+02
2.721780212456990284e+02
2.884568912430941054e+02
2.433467420029388677e+02
2.593050330192581896e+02
2.275380118316732876e+02
2.807568393184796491e+02
2.587830798618492736e+02
2.165979721811897036e+02
2.769371192435287412e+02
2.572576856739466393e+02
2.710201589929203010e+02
8.104598498920981342e+01
2.831801853629021934e+02
2.674320554670658225e+02
2.242916191693037149e+02
2.578674648529323008e+02
3.117410614327380927e+02
2.758250170959147454e+02
5.922039167671829318e+01
-1.159757557118521873e+02
2.233991032639846139e+02
2.383940021958420630e+02
2.659248229199420166e+02
2.578211731999903122e+02
2.466441936407372566e+02
2.616845545922170118e+02
2.310667254979560425e+01
2.248935825850221022e+02
2.493493601455002135e+02
2.486290008041009401e+02
2.304189265605764376e+02
2.629873756929110868e+02
2.581683618252724273e+02
2.689058620252777700e+02
3.060684459901602850e+02
2.775976202872176373e+02
2.627019179432432452e+02
2.545134455401801290e+02
2.948788663549485136e+02
3.187701758379005241e+02
2.716720140258784681e+02
2.645075986955502003e+02
2.839235083520085823e+02
2.492318220811621359e+02
2.540019232595500114e+02
-1.535891028658818414e+01
2.529402000778639774e+02
2.427849678255619210e+02
2.621306047409087796e+02
2.312760565880193155e+02
2.581006155576466199e+02
2.840149572422370738e+02
2.651645859781138483e+02
2.441227888429091308e+01
2.148113116890248762e+02
2.986671123864424544e+02
1.065185919976316740e+02
2.381475043265500062e+02
2.243447361456665874e+02
2.201914498751787903e+02
1.884802825997464311e+02
2.802498350433906467e+02
2.059562315026421402e+02
1.539335048533847328e+02
-6.921646022896146633e+01
2.369056719906454305e+02
2.404861530069853472e+02
2.742376519957464325e+02
2.406037616590140260e+02
2.856366871003993992e+02
2.713093364870688902e+02
2.174140994062188099e+02
2.734006814546359010e+02
2.350150338613469216e+02
2.243994052339633072e+02
-4.221005535152414723e+01
2.806994545714658216e+02
2.839057902368039095e+02
-2.182194096394819383e+01
2.919280950993835972e+02
2.185829020992317169e+02
1.927076209730213350e+02
2.968495629865308274e+02
2.118761134462412201e+02
1.598052380095836043e+02
2.953923253224544396e+02
2.790621480020462286e+02
9.602993683604212549e+01
2.665000298248049262e+02
2.314115267025314893e+02
2.551109878171760954e+02
1.190170042340872101e+02
2.489757163207341364e+02
2.529983507012799180e+02
-2.737443328258651221e+01
2.171984445417871257e+02
1.911752780147435260e+02
2.289874887613002556e+02
2.595270822816744385e+02
2.666598008868777470e+02
2.392031252971195556e+02
2.539268856299450761e+02
2.943289933745872986e+02
2.837423011295340984e+02
3.001611754538590731e+02
6.258684325021718564e+00
1.630379992833952372e+02
2.105833916341225631e+02
2.535306470779199799e+02
2.530569230234364113e+02
2.377431649482626028e+02
2.603337509845278532e+02
3.037712841809023985e+02
1.610005042899262264e+02
2.346280686782774012e+02
2.234488891804485888e+02
2.647283843624703650e+02
8.965643941606177236e+01
1.879576257943360247e+02
-1.328712982470104009e+02
2.800000604343181294e+02
2.703276539224932549e+02
2.164598939383964478e+02
2.448562472150919405e+02
2.574056642728297675e+02
2.740961917234769203e+02
2.859381350227081384e+02
3.025288138384961485e+02
3.034524024663378441e+02
2.434702844307474265e+02
2.528269650598418821e+02
4.025412467868591904e+01
1.645811706527137517e+02
-1.463645656887897246e+02
1.294026284157646955e+02
2.774048635367396400e+02
2.272678393434479176e+02
2.358841802568513799e+02
2.595174707520854440e+02
2.579005960421794725e+02
2.715727373749957110e+02
2.783942595781235241e+02
3.205141814163281424e+02
2.427033793256854324e+02
3.100612982503234889e+02
2.776757837513670211e+02
2.627815329204872796e+02
3.017026426808780570e+02
2.609464817937404177e+02
2.913239805296653913e+02
2.936011964272313435e+02
2.707201401684387747e+02
2.248315501565208478e+02
2.774290104958624852e+02
2.738462110701595975e+02
3.973416709496254384e+01
2.786619479309339340e+02
2.539785719229391248e+02
2.687045016185319355e+02
2.662943329684265450e+02
2.615828452967664361e+02
2.752035806456788123e+02
2.363519401080073976e+02
2.533455209057504192e+02
-7.825911558147652158e+00
2.870024839024538323e+02
2.445572485281472268e+02
2.326447980154374591e+02
2.649509730701494732e+02
2.666644125485078121e+01
3.074251714248118788e+02
2.981115165422509108e+02
2.823692617369514437e+02
2.854716451307310763e+02
2.781642415406495843e+02
-1.695611490630099638e+01
-7.690745804825922960e+00
2.701928869709573746e+02
2.986320882982167859e+02
2.512248915815660553e+02
2.551976513901806527e+02
1.605513918424526594e+02
2.712015390507813208e+02
2.560442165760152875e+02
3.322914507288427899e+01
2.726340577453516403e+02
2.606180918887263260e+02
1.394833066579498393e+01
2.103267078778999633e+02
2.402469686786453451e+02
2.830283816689235437e+02
2.663788188895716758e+02
3.127886775874377463e+02
2.339695145634391622e+02
2.793201746894901021e+02
2.871388210546574555e+02
2.813279300981442930e+02
2.377440445027305316e+02
2.737753895486255260e+02
4.083888167633148214e+01
3.813065855898886980e+01
3.131040659385879508e+02
2.722856480172443412e+02
2.305262126766692745e+02
2.184678358255292210e+02
6.137011385647122097e+01
2.654843559855100921e+02
2.797756141814565467e+02
4.729405765866223987e+01
2.606740645520141015e+02
2.546395175698557978e+02
2.518160028207841492e+02
2.345997614088321939e+02
2.779479915778839541e+02
5.970252597913756176e+01
2.505409144869586555e+02
2.859288369864622155e+02
2.631670493417898342e+02
1.351321076806650581e+02
9.913521425993708647e+01
-8.815411692237334762e+01
2.616740099645062969e+02
2.675715904811056589e+02
2.688367074051288910e+02
2.433808003485664244e+02
2.609252031316747207e+02
2.766599439908114846e+02
1.557546879505913751e+01
2.792880027915381334e+02
2.215430055688444213e+02
2.286839355286707871e+02
2.912507938038919519e+02
4.536655645698897388e+01
2.584852613675604402e+02
2.808768299202091612e+02
1.007122941211412979e+02
5.351515706771564851e+01
2.620822340442379641e+02
2.900285698141926787e+02
2.647160813639705452e+02
2.351067625270058556e+02
2.987868973005617477e+02
2.897342419283626782e+02
2.727651930439360513e+02
2.645753385897801309e+02
2.671514590478143987e+02
2.736006380229755450e+02
2.465824942237608752e+02
1.839763601326197033e+02
2.640296166833477400e+02
2.669774233462744917e+01
2.759719975915940040e+02
2.182208392470331546e+02
2.531565554369978202e+02
-3.068107887048347493e+01
2.888314774631276123e+02
2.286893581407370277e+02
2.761050325874728628e+02
2.861099880685134167e+02
2.738962053662852441e+02
2.435214001646804434e+02
2.504277864690279785e+02
2.598733471335390846e+02
2.341088187492848647e+02
2.786058008297727611e+02
2.795214794499685240e+02
2.340823394734563863e+02
2.589878506385908281e+02
2.585945941839926263e+02
2.896733680039402543e+02
2.653187690920134401e+02
2.992642650724243367e+02
2.517183296459950839e+02
