-1.657341100356332788e+02
-9.281445729238011211e+01
-3.837679652411672464e+02
-2.040207507826955862e+02
-5.890483937702063599e+01
-2.592507432352990691e+02
-3.169412731547089948e+02
-8.739814263048916132e+01
-2.666179822134029678e+02
-1.149469028784466929e+02
-3.613076246905418998e+02
-9.490093512253008612e+01
-7.477070733543428105e+01
-2.055330360991040095e+02
-2.240414991544485588e+02
-2.072981958912784251e+02
-2.484336053686087098e+02
-2.434747691919102692e+02
-2.084230178283009991e+02
-1.117666137878468646e+02
-8.533009999324931982e+01
-2.020700442508590697e+02
8.617643476841561778e+01
-3.041261949772513162e+02
-1.817840176649757495e+02
-7.158413844627435196e+01
-1.645768505204046903e+02
-8.750331323494438607e+01
-1.071902840938389971e+02
-4.834285393620626792e+01
-7.759548200956555775e+01
-1.875524208283729877e+01
-1.462876992540030585e+02
-6.779917446111747381e+01
-1.121651878047080544e+02
-9.705212529249294562e+01
-7.814431088930430747e+01
-7.237149570557745903e+01
-4.001888761203147737e+01
3.317378163951642023e+01
2.846687368907208793e+01
-5.638842008111168980e+00
-2.668589277734748748e+02
-6.672506409331502653e+01
-8.187340721630545204e+01
-8.587098921509037552e+01
6.116903050403075781e+01
-8.156023062039351146e+01
1.290154561953229972e+00
-8.335634174379848105e+01
-7.653190895760594969e+01
-7.503885288746393201e+01
-3.162259801110648993e+01
4.558395947552430272e+01
-3.838846662122300302e+01
9.335125034795363774e+01
-5.621618371560526128e+01
5.656256814589724513e+00
1.082702624690102482e+02
1.094721019984258277e+02
3.671531430857351097e+01
-2.840812970820392991e+01
5.833110215608688520e+01
-8.192002344407964642e+01
-1.544304681193790145e+02
-5.350032088012164877e+01
8.507959772553778777e+00
-2.239089067259726562e+00
8.630547026474715722e+01
1.529769965949817845e+02
-7.549363569217452152e+01
-1.194859049668013142e+02
1.669948003163549970e+02
-4.955946786642716972e+01
-7.543764788243070996e+01
5.192621139873018876e+01
3.999263070539331721e-01
2.767101785261800728e+00
8.315336587149269576e+01
2.283768123473313949e+01
-1.054016016177418464e+02
5.840581368297925735e+01
7.138461772003515726e+00
2.226163792326318003e+02
1.721342668944279808e+02
-3.478496897707572799e+01
5.273651418535365565e-01
2.019602798482958406e+02
-2.692746231200379015e+01
-1.499158020203504691e+02
2.017911871575813620e+02
1.043509545952253035e+02
-2.448618676313857601e-01
-1.563724918291765675e+02
1.822703753813615037e+02
1.649707503467379865e+02
1.849869074568049427e+02
2.986551868490053607e+01
1.140114328539116855e+02
2.115562024941761763e+02
1.592533683275164549e+02
1.738383097863224691e+02
1.645654030457547492e+02
2.056334107975345660e+02
1.519248230584103680e+02
1.744847777497685399e+02
2.555685973732270782e+02
2.382704629355005466e+02
2.555103958141350518e+02
-3.329343343701792435e+01
-5.335196359418851841e+01
1.807652702488101681e+02
-4.397345177973407715e+01
1.501076556356956360e+02
1.251525734647483574e+02
3.050120409543857249e+02
2.240235966238325318e+02
2.777223348551415256e+02
1.384602693078649338e+02
-1.934349909625020985e+02
-2.456032407526283734e+01
-6.173109891067431221e+01
1.514438106344997266e+02
9.108536311312172984e+01
1.136795752094528780e+02
2.804424500867828556e+02
-6.801219697239895368e+01
1.200698676672828640e+02
-2.987998625931854804e+02
-4.402931736437253107e+01
-2.989376627786635368e+02
-3.087019243889088216e+01
1.797110054253469116e+02
-1.171864762911592273e+01
2.097476186093524575e+02
2.537325715168057343e+02
2.261686788978869345e+02
1.480099287280560532e+02
2.334895785116801505e+02
2.122003105837899000e+02
2.117133427469694311e+02
2.263595177555077385e+02
-1.291465793971674714e+01
2.461209122833028857e+02
2.069323047692062403e+02
8.661612626257522152e+00
1.865098408846118332e+02
4.293887012275249049e+01
-2.143126991259587655e+01
-2.083910273261707147e+01
1.551342242037101915e+00
-6.406300405401970544e+00
1.591780701692183797e+01
-9.171496329180667928e+00
4.909818110349485210e+01
9.737987643284408534e+01
2.981547505228712147e+00
-1.862902160500453874e+01
-3.417865193514108313e+01
1.316470358058363388e+01
2.534355422059856551e+02
2.314018054108964293e+02
-2.460943520465633227e+01
-2.361930347011300668e+01
2.473540805528182034e+02
2.195183418051930744e+02
-2.112200033635978613e+01
-1.326250376813282950e+00
2.331971239750340033e+02
-1.454866128827885463e+00
2.218023653137522331e+02
-1.572358098852670061e+01
-4.167538045626398713e+01
2.454547195438439076e+02
1.199130156998787555e+02
5.909868065787947877e+00
2.190269152756799826e+02
1.176967085286749608e+02
2.067963032109142318e+02
-1.099541309282450996e+01
1.735756716734250631e+02
2.431093338764609086e+02
1.184403706882332301e+02
-1.914143501637482814e+00
1.903706962138609526e+02
2.426404234016137877e+02
2.467250281658304232e+02
1.682225065934907775e+02
1.333577695689093616e+02
2.073152216678133186e+02
1.636790034388618835e+02
-2.436695350455373799e+01
4.599103600143996573e+01
2.351081832361247166e+02
2.433088310722461927e+02
2.053847736139574636e+02
2.204697795006841829e+02
2.485126925094920978e+02
2.473130693447010913e+02
2.293451097272989614e+02
2.529035974080179585e+02
2.306761191996963021e+02
2.500968230390998883e+02
2.086596690562591903e+02
2.410080146136854751e+02
1.942821851789166772e+02
2.394815514616258554e+02
2.581377255451299106e+02
3.136611578508450293e+01
1.770687012828336151e+02
2.302763494096492138e+02
2.112691216920499642e+02
1.009923850351685388e+02
2.687615241371104275e+02
1.900508525745656527e+02
2.451014583457919969e+02
1.931358744272975514e+02
2.404629165381165308e+02
2.001283989556850997e+02
2.189919427703828489e+02
2.268632054039415209e+02
1.881774924351653056e+02
2.649409404219806561e+02
2.168826100642693575e+02
1.816068908716512738e+02
2.704051007711655643e+02
2.142632057480012406e+02
2.076055973261314875e+02
2.533312517090714096e+02
2.117887621070020714e+02
2.356231301118660895e+02
2.560581425613428337e+02
2.556775372241122852e+02
2.525690206414805061e+02
2.324926103338518715e+02
2.609744822827144617e+02
2.316319963168076583e+02
1.883391404135666107e+02
2.530635123298075371e+02
2.441227272145569884e+02
2.307225258653709830e+02
9.876286289402645480e+01
1.973169347748970495e+02
2.065321441160760401e+02
2.216235724598388686e+02
1.935830016467893984e+02
2.208073343001566400e+02
2.861816283566030279e+02
1.921709497747195030e+02
2.298647611198168761e+02
9.099122793991745084e+01
1.944919346193482568e+02
2.768194726981056419e+02
2.113944231071974684e+02
6.735173107652391877e+01
2.223236603391003712e+02
2.648271169903981672e+02
2.483911497421130150e+02
2.612469883826231012e+02
2.605570014223885664e+02
2.302670708724866699e+02
1.560684036059303423e+02
2.109214749810815306e+02
2.920837787145397897e+02
2.767235393868212441e+02
2.321521255713431628e+02
2.120169967407740330e+02
2.550536901404421144e+02
2.439355156257858539e+02
2.454894206409341564e+02
2.524955239911393789e+02
2.260013909037698454e+02
1.187605539646665989e+02
2.443275818535154542e+02
2.827032309521147226e+02
2.496374582407781020e+02
2.485008611251388118e+02
2.447523997044570478e+02
9.367237887540071029e+01
2.660328661915029898e+02
2.645562400445942899e+02
2.514111394065095055e+02
2.579416483169218282e+02
2.273779582441105163e+02
2.489184158686510955e+02
2.665984615170010557e+02
2.670765380940266027e+02
1.346728667420493650e+02
2.827109776090277364e+02
2.183365205805599203e+02
5.672229325883914441e+01
1.089153445376757929e+02
2.500513435356828040e+02
2.681059994309428589e+02
2.289208723934537772e+02
2.178405544449761635e+02
2.514486480777229360e+02
2.433741836391142499e+02
2.962080559680484271e+02
7.017367822068661098e+01
2.593342654157781340e+02
1.315083093741203868e+02
2.172326182963500969e+02
2.090931716679427268e+02
2.793953836750957862e+02
-1.469633548614759455e+01
1.804943483657554282e+02
6.149590747299494353e+01
7.471768194705273913e+01
2.173766618354959803e+02
2.450474418894730491e+02
2.355609026191121131e+02
1.577973671478637812e+02
2.787683439612799248e+02
-6.579885133075809733e+01
7.780445545272669960e+01
1.980119992085009528e+01
1.812478708577622228e+02
2.179298285550946161e+02
2.131383749204828746e+02
2.243658196193366337e+02
2.543968065620294112e+02
1.968067767796251815e+02
2.269520413319855834e+02
2.379927338761014823e+02
2.091049565689292251e+02
2.572520313661530054e+02
2.364337181871587461e+02
2.629398393162950924e+02
2.195998703848387095e+02
-2.295255995654752468e+00
2.775783044067684386e+02
2.427983368015875953e+02
2.642151495591189132e+02
2.299158580699227059e+02
2.107312527761783940e+02
2.222477418056414535e+02
2.573548678137433967e+02
2.410222514229607214e+02
1.548829341471885073e+02
2.208886509125309487e+02
3.619974655289897214e+01
2.544202855442639475e+02
1.586635226983636926e+02
2.317285562665257430e+02
2.727775734668946370e+02
2.766783249266241000e+02
1.983055170291308968e+02
2.679125236458864947e+02
2.247803800254604312e+02
2.179587913481889814e+02
2.320324958798519503e+02
1.294604465002271638e+02
2.217684178363176954e+02
2.414802389710797001e+02
2.084351379530305053e+02
2.948021342333363464e+02
2.638196874092258213e+02
-1.117598131716653143e+01
2.987673359336247358e+02
1.945700782918545713e+02
2.444915364934227853e+02
1.917753742434845492e+02
2.516464352916449911e+02
2.958258737535127807e+02
2.469165980758007493e+02
2.806825515958378219e+02
2.543874651013418600e+02
2.788641470222685257e+02
2.577803456921234329e+02
2.398873714468368235e+02
2.657661221396660949e+02
2.558746985354179628e+02
1.900889544121733934e+02
2.727059496454858731e+02
2.390656546838147847e+02
2.551690897325387652e+02
2.477229088302012201e+02
2.829722509994762163e+02
2.056218635593064619e+02
2.071024744790678938e+02
9.758442940969364088e+01
2.509356275044385143e+02
2.516288477569797806e+02
1.169087576843160150e+02
1.968515060848437201e+02
2.324378549930818849e+02
2.639962424770773168e+02
1.820098812612312713e+02
2.124163562303975255e+02
2.395545606249379489e+02
2.814767412860361446e+02
2.710165149795941488e+02
2.509968997218040840e+02
2.282066976228915678e+02
2.347339382823162737e+02
2.285373890743692016e+02
2.138442396147761997e+02
2.386321061499958205e+02
2.496224678159026382e+02
2.426638777518911354e+02
2.524783239417000402e+01
2.495622761647619257e+02
2.662625970438292597e+02
2.021292245247578023e+02
5.120032551728479575e+01
1.885119406762830963e+01
1.542860284530639206e+02
2.610292325226133698e+02
2.065720596663811932e+02
-3.895290260633854018e+01
2.253058888877046684e+02
2.643728710536217932e+02
2.569731440441516384e+02
2.404415053962210607e+02
2.160252468634589604e+02
-4.387942681572168624e+01
2.187094540492482508e+02
-2.547970658035018232e+01
2.467759816585788712e+02
2.285664591178519629e+02
2.362571828411333854e+02
2.497460715868219552e+02
2.247202749895969305e+02
1.708165999167677569e+02
2.263004971561141758e+02
2.320298585818554784e+02
2.579984031486400227e+02
2.646736016679537897e+02
2.989740631737319063e+02
2.754067123198301488e+02
2.630187113390722402e+02
1.278212933187689941e+02
2.472586104869558596e+02
2.708636379567154790e+02
1.987885601791593615e+01
1.894231944685081430e+02
2.637144286553924530e+02
2.596689363820217409e+02
-1.224492494931352837e+01
2.451631436619078954e+02
-1.872993288593023919e+01
2.516899987901035161e+02
1.948448418916401579e+02
2.252397963192493080e+02
2.288584870392489279e+02
7.126678556276175414e+00
2.258508283009347224e+02
2.277121899218929570e+02
2.173808921174191369e+02
2.136945623509161010e+02
2.832025929726635809e+02
2.373823380364919728e+02
-6.941013582835704199e+01
-2.698033267298823148e+02
-6.697114870689880206e+01
2.576341563416563645e+02
2.280526817379490865e+02
1.984036901026273370e+01
2.256495489741306244e+02
2.454796117305159271e+02
2.801663898802809740e+02
2.271676318097937894e+02
9.902800926045658514e+01
2.505145205470902567e+02
2.461080519201450727e+02
2.888685339846225020e+02
2.184544788584383355e+02
2.142522534479204239e+02
2.329084201568095409e+02
7.512572799040270866e+00
8.999546132781020447e+00
2.272955048769048858e+02
2.092824803699319602e+02
1.287949874583422627e+02
2.639357979770742304e+02
2.348796021674656345e+02
1.706597491749513154e+02
2.307807690234959637e+02
3.113204398045122048e+02
2.065038217424102243e+02
2.760975981158173340e+02
2.675174782899049433e+02
2.009064646552737088e+01
2.759804213161585267e+02
2.186386872053444108e+01
1.324941654722899216e+02
1.755970637290131435e+02
2.115902000098062672e+02
2.181127166346277590e+02
2.894226799592842099e+02
2.522159667115384423e+02
1.819023397123706047e+02
2.929588229978945719e+02
2.649123031625054523e+02
2.900208341769608182e+02
1.982888030491640450e+02
2.768466238215537487e+02
2.849497992747153603e+02
2.530710685845568264e+02
2.477485671329734487e+02
2.269311539236744579e+02
3.071775563038768269e+02
-7.322170981076799023e+01
2.454925496433569094e+02
2.261378560192094085e+02
-8.438973002076579633e+00
2.565103267917453422e+02
2.664568575445928786e+02
2.458391965215795665e+02
2.311740018777855141e+02
2.761335532504330104e+02
2.199078646899281182e+02
5.092865589260500769e+01
2.711947703889411514e+02
2.679628603110527365e+02
2.056177183798637316e+02
2.697855675374125326e+02
2.385403869427753420e+02
2.621915477975797444e+02
2.189267064843348010e+02
2.777636601862234329e+02
2.351397421698254675e+02
2.556825755824105499e+02
2.443400827713763874e+02
2.773642115279483278e+02
2.652809264892380270e+02
1.452050508598618990e+02
2.925234640131392325e+02
2.472977441220688206e+02
2.157788488664617716e+02
2.386527276665599402e+02
2.436183112173607128e+02
2.102927385829621016e+02
3.002160630426110401e+02
3.041308471477867670e+02
2.363495445830066046e+02
2.937518241393777885e+02
1.911924686579851027e+02
2.610798031877745871e+02
2.462210295442832830e+02
2.441846112729957383e+02
2.181611659976229589e+02
2.685006919982297404e+02
2.888286088831363259e+02
2.913692868795951085e+02
2.702606467033886020e+02
2.870605550702895243e+02
2.675207455397311946e+02
3.547640787364827020e+00
2.128170794902497391e+02
-5.995903626618058979e+01
2.889069396329803112e+02
2.236854722861996265e+02
2.719183775408272368e+02
2.482883531201449046e+02
1.899998294444328053e+02
2.511355411887127218e+02
1.951537053040847525e+01
2.024408878510441809e+02
2.997736574658941890e+02
2.508238708099275698e+02
2.550971881697413721e+02
2.262339240796737840e+02
2.840687768161476470e+02
1.928545830745430578e+01
2.510076816914666722e+02
2.622780466875178718e+02
3.182060456371991108e+01
2.295290026431322588e+02
2.705081555021827739e+02
2.249653257959450343e+02
2.860528853305216899e+02
1.278101184268975175e+02
2.354280969284048410e+02
1.328219283485005064e+01
2.724026648890957176e+02
2.119406300213389329e+02
3.034071995301813445e+02
2.658652397184346228e+01
2.351605744250238672e+02
2.034190628085274000e+01
2.524091624224506347e+02
2.438280149571391462e+02
4.299713900413178180e+01
2.502004621006519756e+02
2.635998646853770424e+02
1.493860657725038266e+02
3.600423083410521485e+01
3.823946580944843276e+01
2.854507285286581464e+02
2.736008820793862242e+02
2.802401638442968306e+02
2.521214237804668130e+02
-7.176037090278839514e+00
3.946753806821939747e+01
2.545108429466340567e+02
2.542515006038025263e+02
2.754660135102259346e+02
1.689171358801837641e+01
2.405652653095700089e-01
-4.623834356196326212e+00
2.649506681451431405e+02
3.067043563342328412e+02
2.722551571811646340e+02
1.616661460048131858e+02
1.493138482355391261e+01
2.473840347723589730e+02
2.425671825860709134e+02
1.167789966648942936e+02
2.823433707957647130e+02
3.046363221596067774e+02
2.471749679427572346e+02
2.635812769506140967e+02
2.421128686370399521e+02
2.666246945705570397e+02
2.729753478164841454e+02
2.544995398001890976e+02
2.600557734316851111e+02
3.124120837071024539e+02
2.662060736599015627e+02
2.900475176401915860e+02
2.643741177802873494e+02
3.051647901955266207e+02
3.131713649825145467e+02
2.428887230565595416e+02
3.028266564843241895e+02
2.520809539652224487e+02
2.506185853941403536e+02
6.658365472927980022e+01
2.664523302263356754e+02
2.889358369617879703e+02
-2.468680095294760690e+01
2.516466828421283708e+02
2.369922452243160080e+02
2.810995670588503685e+02
2.909893667021337933e+02
3.100541597484474892e+02
2.818107964849706377e+02
2.520810158231302864e+02
2.522399740903552470e+02
2.619432828928966046e+02
2.948837861915901613e+02
2.786099572989411968e+02
2.811651534083576394e+02
2.813847222753338997e+02
2.802774477427525426e+02
2.824388153810012341e+02
2.716164443072627250e+02
5.217364620896603356e+01
2.554735758149224978e+02
2.975006240621921734e+02
-3.409470932371770857e+01
2.628782024367233134e+02
2.539118131995615784e+02
-3.182936245377803175e+00
1.162397866030898257e+02
2.863232011931205534e+02
2.128983406201122079e+02
4.035940886927167526e+01
2.933398987297161966e+02
2.330949189375888011e+02
2.657680497684071952e+02
2.881086244614996303e+02
2.520295938048745938e+02
2.907458544950135320e+02
2.897017053188350246e+02
2.131658255025567428e+02
2.911240979517555729e+02
8.612997191729317592e+01
2.435113807339605501e+02
2.765064366843402013e+02
2.564177330447219560e+02
2.658224463708023677e+02
1.347515846435064475e+02
2.719809405907546420e+02
2.537759082220632081e+02
2.763963148733698176e+02
2.685060579932262499e+02
2.550466044788664135e+02
2.735638016772444416e+02
3.035011962688435574e+02
-5.790073616401798517e+00
2.664286144168474948e+02
3.736700753578372769e+01
2.765331234343610731e+02
2.159489213476662428e+01
3.101980730119827854e+02
3.114175425226974880e+01
2.557007882627661388e+02
8.556665594987691748e+00
-2.857299792973228136e+01
2.464642241836736787e+02
2.247822368205376620e+01
2.656466514034359534e+02
1.456511326640703885e+01
2.973650782992970107e+02
2.631742777894572214e+02
3.138980684801010739e+02
2.615093790219123093e+02
2.953470584822017599e+02
2.764306026042776807e+02
2.462247672584559837e+02
2.689426113454055667e+02
3.011625468431505510e+02
2.516126139978886727e+02
2.762245199162803146e+02
2.754786562753636190e+02
2.578752196861305492e+02
2.735754826913764646e+02
2.506295521690897488e+02
2.883542109797609214e+02
3.141196107534685780e+02
2.827156840051884501e+02
2.350854716665092212e+02
7.284593354481842198e+01
2.133687096353743016e+02
2.654305032426876778e+02
2.644380463112665893e+02
2.966969619696031373e+02
2.635444797738415446e+02
2.878100200864079170e+02
2.518824173889062479e+02
2.125782571373581504e+02
2.661778548582038297e+02
2.746286392554601434e+02
2.527263945954311737e+02
2.675465291327489012e+02
2.381564770099618613e+02
2.501483307651968460e+02
-5.390585499658158142e+00
2.638366455256785343e+02
2.906519154765396138e+02
2.890960222804260411e+02
2.239182084861992337e+02
5.942940375656266383e+01
2.676499810253463352e+02
2.829009785134113599e+02
2.350297080413170647e+01
1.499458931216426549e+01
2.299947432435743906e+02
2.430833790300075918e+02
2.019891983870246008e+02
2.495806742288384044e+02
2.662675912418366693e+02
2.648396766237502788e+02
2.758450469282537370e+02
1.941366536165424748e+02
2.668740164800024104e+02
2.432237830672941072e+02
6.582528924551525051e+00
2.792896310725172953e+02
2.574067686649058260e+02
2.683522481912301600e+02
2.509872676341691715e+02
-3.654153951931586164e+01
1.861545440503360282e+02
2.900621687097963104e+02
2.875944005302758342e+02
2.216580198055581832e+02
2.812393544729916357e+02
3.219082942535109737e+01
2.481528825342442133e+02
2.991522818226969775e+02
2.836207590962947620e+02
2.869594384562670939e+02
-7.819472169923955107e+00
1.738053108128823965e+00
2.880827790458283744e+02
2.837212317676609246e+02
2.929425227541393610e+02
2.433705534788630303e+02
2.834805590030664462e+02
2.796795617500346225e+02
2.342327076717731131e+02
2.922895356698732030e+02
2.826807369011071387e+02
3.083048049936026018e+02
2.627655407589689958e+02
2.732613837418640514e+02
2.791208021032144870e+02
2.840039822739922784e+02
2.658708249523804170e+02
2.861010369589752713e+02
2.487954534824840493e+02
2.688769006976762057e+02
2.590899394635034696e+02
3.219687896877894673e+01
2.720946883660911908e+02
2.762482212451917576e+02
2.658949609112247003e+02
2.870673179763643930e+02
3.705828350375540481e+01
2.441428533871985564e+02
2.704132975888121564e+02
2.524569298154687544e+02
2.538891535211361656e+02
2.445326108895613402e+02
2.864084744656715884e+02
2.526958501770413079e+02
2.510089822418950405e+02
2.567487045828577266e+02
2.545170681294293331e+02
2.049181548032599380e+02
2.354740436763592868e+02
2.619011376859625670e+02
2.526379126801917039e+02
2.427203577169788105e+02
2.604307827936779631e+02
2.607352838338368315e+02
2.533315826129592097e+02
9.524837317948353643e+01
2.535348453187883422e+02
2.526961516430264680e+02
2.449397536619007951e+02
2.560788093684927844e+02
2.976795933247781250e+02
8.134960591996696166e+01
2.742645631022036241e+02
1.993973759354343542e+02
2.597859029651021388e+02
2.819826192794918143e+02
2.686849213333063062e+02
2.830167784854890556e+02
2.461333793406268740e+02
2.638852252461045964e+02
2.990069433788693232e+02
2.988049593741476428e+02
2.403792334381297735e+02
2.410897058546844676e+02
2.486780056954394240e+02
2.842683531093688316e+02
2.782936641055584914e+02
2.709711967290290886e+02
2.478392010971855370e+02
2.905923455362111554e+02
2.650952210821973836e+02
2.795770256021257296e+02
2.755770397612485567e+02
2.723461825411770860e+02
2.833535840818312863e+02
2.957007689096129184e+02
2.957483794066172322e+02
2.764841296798065855e+02
2.621947228327503012e+02
2.627782618757097453e+02
2.940107581576937719e+02
2.682425587374420957e+02
2.617331732449725905e+02
2.724490435163139637e+02
3.275156685289502434e+01
3.011574386511474586e+02
2.402956617105352279e+02
2.798795094202233713e+02
2.366315570871581713e+02
2.673536314760774530e+02
2.820509974493925256e+02
2.696864470665883005e+02
2.351764766656001768e+02
2.693387790295628292e+02
2.751806096344139405e+02
2.452697924037992152e+02
2.471661285042068812e+02
2.314681715533776014e+02
2.736500465265112325e+02
1.108280298589967998e+02
3.069358850838418675e+02
2.552366744796784985e+02
3.014997108337121858e+02
2.319812485964368705e+02
2.989666790173431536e+02
2.773345016205433922e+02
2.647423390689813232e+02
2.359306833258745542e+02
2.741398510292648325e+02
2.625853313415454977e+02
2.665705547582053896e+02
2.588161064581717596e+02
2.473815933663096303e+02
2.609841766356690869e+02
2.510354052781719076e+02
2.432897564186192483e+02
-1.615727850584538317e+01
2.356525459659333137e+02
2.608282490313556536e+02
2.806319155882911218e+02
2.622344073803376432e+02
2.769997706585407968e+02
2.295229960619643634e+02
2.445173777137415243e+02
2.863300134436775011e+02
2.871135550262628158e+02
2.727817082810562397e+02
2.643527355373101955e+02
2.810301065814019239e+02
2.543936125411635487e+02
3.407495131981747249e+01
2.744712679691642734e+02
2.975647304014391921e+02
2.267992466300460137e+02
2.392060461495208017e+02
2.855558253079400401e+02
2.522709389775269528e+02
2.228789706798276313e+02
2.445405258505512336e+02
2.784681322119639049e+02
2.635959762954566372e+02
2.770446315340030878e+02
2.959239474478944771e+02
2.696396115673933309e+02
2.217385513172615390e+02
2.664346582916543866e+02
2.978383870227071384e+02
2.993005257598068170e+02
2.698245085002062069e+02
2.443931204570220359e+02
2.607752222265069122e+02
2.903270506817706291e+02
2.981060605204942249e+02
2.921139160751724830e+02
2.778310300529512915e+02
2.792963892376138233e+02
2.264654281732832715e+02
2.775548696799241952e+02
2.837919992627773240e+02
2.722372086549853520e+02
2.501702083118414919e+02
2.327724651587991218e+02
2.675311370524624976e+02
2.816824907565906528e+02
3.041067727644764318e+02
-3.099052874058074281e+00
2.735575624610082173e+02
2.942957717126929538e+02
2.479786337397922864e+02
2.860537853744953622e+02
2.856858366105370806e+02
2.711373449088049483e+02
2.593904149095278626e+02
2.757101406377117883e+02
3.919918329985975447e+01
2.532534491358798903e+02
2.570555103595867195e+02
2.332229040421229911e+02
2.551721984522025082e+02
2.904458311313081822e+02
2.905690398200650861e+02
2.588513013732835475e+02
2.659602628872569312e+02
5.515307473811330397e+01
2.511705511206873780e+02
2.625701958226056263e+02
2.770575200927640935e+02
2.916377057862807192e+02
3.034427312781073169e+02
2.409332324534886425e+02
2.387383341779636794e+02
2.741006019662091830e+02
2.832095688663898159e+02
2.349033268883662231e+02
2.865369536966856003e+02
2.914315485200318108e+02
2.635905838842143112e+02
2.544495749419943991e+02
2.834114325105856551e+02
2.713408159318227035e+02
3.095939206046208483e+02
2.376003584745100454e+02
2.905513351630988836e+02
2.729330160217384105e+02
3.127379655471912656e+02
3.029420277867509981e+01
2.664184684761389121e+02
2.795645969675913989e+02
2.550929365657197536e+02
2.786583420621357732e+02
2.482891242990855289e+02
1.783949678417654638e+01
2.926344412175504885e+02
2.333078119942294961e+02
2.824084887380083728e+02
2.457246191491693992e+02
2.530696213590178445e+02
2.935739453741296074e+02
1.419803375851250848e+01
2.789808211761082362e+02
2.614650972527832664e+02
2.898946862489653427e+02
2.268589083572130107e+02
2.776869533333750155e+02
2.922369430041300120e+02
2.425513707599866962e+02
2.584435141191511320e+02
2.263094695736839697e+02
2.697310795521864861e+02
2.325069587925577537e+02
1.220064839903652683e+02
2.924876159360148336e+02
3.986431262986371848e+01
2.445583417508298112e+02
2.759966595957894242e+02
-3.254030618898308092e+01
2.934417178900710041e+02
2.571614771780846240e+02
2.748198574385950792e+02
2.858945181154250008e+02
2.871541737390950857e+02
-2.385051641199911785e+02
2.803538262817281179e+02
2.930103170932169405e+02
2.754004827981928543e+02
2.845850617249252537e+02
2.864069968650571809e+02
2.741110957900171456e+02
2.764347063717787023e+02
3.178796321151113489e+02
2.970191975551293240e+02
2.115409079530713825e+02
2.615053794233367057e+02
3.099009626185140860e+02
2.336228417699775832e+02
2.776963749844348968e+02
2.901258544068492711e+02
2.627437758591784700e+02
2.320525239835661182e+02
4.860282383368962655e+01
2.781815716706522039e+02
2.476354285631951484e+02
2.830992938921949644e+02
2.767421928061604603e+02
1.529693636641059129e+01
6.799618838906587825e+01
3.026891568838452145e+02
2.699856939395419317e+02
2.931609116383398259e+02
2.407473944704164524e+02
7.288265950944659721e+01
2.945878426719212939e+02
2.451327824224527490e+02
2.797141947081448734e+02
2.550259915051036046e+02
8.898616354703392517e+00
3.740834461312994108e+01
2.428844729156651283e+02
2.729399851687475689e+02
3.060286630078718417e+02
2.093143174645776128e+01
2.428107467016654084e+02
2.653984346978462554e+02
2.485940248164503714e+02
1.414845475408631614e+01
2.518807208507331836e+02
2.831540970355027866e+02
2.881362276531333464e+02
1.310766538715052150e+02
2.482056328402699421e+02
2.641577962898879832e+02
2.991684604787084254e+02
8.009478349011331488e+01
2.644446929270027908e+02
3.665533589824758565e+01
2.038793208326753756e+02
2.801414313405165331e+02
2.519138573049823719e+02
2.163387711497635166e+02
5.320449328616959406e+01
2.611568066327020006e+02
3.779942035633933983e+01
2.260940372273257708e+02
2.604763368888051218e+02
3.014239233319577806e+02
2.816563444424987210e+02
-1.451088671126346696e+01
1.453429435956082898e+02
3.106205873877512431e+02
2.785684923123187673e+02
3.225119128622250742e+01
2.608125410833902720e+02
2.571943930356476358e+02
2.447369382255636481e+02
8.919567210141249802e+01
2.212196241412037523e+02
2.349981554606412146e+02
2.205436103541564989e+02
2.542442674489902856e+02
2.461219548918514022e+01
2.706526818207243537e+02
2.850753406397737422e+01
2.739968526349606464e+02
2.547339178235542647e+02
2.836190595609360798e+01
2.536386973264468736e+02
2.920380212120531382e+02
2.961397628842731820e+02
2.865736403094187494e+02
4.083178516314478657e+01
2.700958194177012501e+02
3.791005390481680593e+01
2.250762334504520936e+02
3.351570091270463081e+01
2.427554336222199538e+02
2.505553161172522039e+02
1.451666017409212088e+02
2.617076460810581011e+02
2.579320317737938808e+02
3.025193758127946921e+02
2.161523849171700533e+02
3.267768070556240900e+01
8.049115416882668228e+01
2.909632081115628353e+02
6.149984123390922264e+00
3.050588715761336971e+02
2.450022496145820128e+02
2.722117857793132316e+02
3.907856292393447006e+01
2.567616602002821082e+02
3.796678197955441192e+01
5.020381849801447061e+01
5.285407106730602322e+01
2.599847804759533574e+02
2.263859871533957175e+02
2.593972996511832889e+02
2.593306026611088555e+02
2.545201530318608434e+02
2.480454433516377719e+02
5.653915729311898986e+01
9.115246760712639684e+01
2.516465567429787598e+01
7.071809756479615316e+01
3.034533655791576621e+02
2.711578546444535505e+02
2.550056291849371348e+01
6.949365403114242667e+01
2.664508102112886263e+02
7.130914754754780915e+01
2.831004268509682333e+02
1.219637565925160061e+01
2.891472470314253087e+02
2.689517689686208541e+02
2.471450895527931380e+02
2.669445110414453666e+02
2.867850256473253694e+02
3.892453536708711681e+01
-1.430048933628785335e+02
2.732452829169170627e+02
2.698882833976841198e+02
2.806328456105675286e+02
3.097682603927767104e+02
2.825368122981771535e+01
2.505231755727763243e+02
2.450138883131681382e+02
3.030701665085522905e+02
2.545514982339738310e+02
-1.285994087175865275e+00
2.524810019702178181e+02
3.694600077764519597e+01
5.489536340535704539e+01
1.113591654830362643e+01
2.755648668330063629e+02
2.421013918768008466e+02
2.844340783012697216e+02
2.694297272814717985e+02
3.046312293185069393e+02
2.823478476225074019e+02
5.769981347191205145e+00
2.470108665599822473e+02
2.441562627507054231e+02
2.709685751017678967e+02
2.431887761005418156e+02
2.692484154563032916e+02
2.169884081929944273e+02
1.672130269522681090e+01
-5.142572082876776562e+01
2.563468291367624374e+02
2.754783610878189393e+02
2.740080020392609299e+02
3.240179554900490189e+01
2.708983586499044804e+00
2.997580155808279301e+01
1.764476403738686372e+01
2.862341715381184031e+02
2.878388333306879758e+02
6.177819094720177873e+01
2.448085435036861099e+02
2.839323821596844937e+02
3.686274799351923548e+01
3.679507699777914809e+01
9.818415919486298549e+00
2.737242219800070870e+02
2.642810362516891018e+02
2.470732349874521105e+01
7.521846520664368541e+01
2.714156139208167815e+02
1.007477900149628738e+02
3.027173234622051723e+01
-3.887394209274148693e+01
-1.862096244407955794e+02
2.349199264798214699e+02
3.078107967127613165e+01
2.487023787311709100e+01
3.933279499192215667e+01
2.732162603050921916e+02
2.818920976553061450e+02
2.277074322134775741e+02
-1.718714516129853109e+01
